SESSION; TIME;RPM;THROT;LAMB;L U SP;L D SP;TAR LB;SLIP%;INJ;ADV;SHIF A;INJ %;L/100K;

131 ;0:00.10 ;2436 ;0 ;0.992 ;3.6 ;0.0 ;0.900 ;0 ;2.64 ;7.7 ;0 ;6 ;70.5;
131 ;0:00.20 ;2476 ;0 ;0.984 ;3.4 ;0.0 ;0.900 ;0 ;2.59 ;7.9 ;0 ;6 ;66.6;
131 ;0:00.30 ;2356 ;0 ;0.950 ;3.6 ;0.0 ;0.900 ;0 ;2.73 ;7.4 ;0 ;6 ;68.5;
131 ;0:00.40 ;2305 ;0 ;0.927 ;3.5 ;0.0 ;0.900 ;0 ;2.79 ;7.2 ;0 ;6 ;58.5;
131 ;0:00.50 ;2294 ;0 ;0.917 ;4.1 ;0.0 ;0.900 ;0 ;2.80 ;7.1 ;0 ;7 ;63.1;
131 ;0:00.60 ;2288 ;0 ;0.930 ;3.8 ;0.0 ;0.900 ;0 ;2.81 ;7.1 ;0 ;7 ;61.5;
131 ;0:00.70 ;2263 ;0 ;0.945 ;3.9 ;0.0 ;0.900 ;0 ;2.84 ;7.0 ;0 ;7 ;58.5;
131 ;0:00.80 ;2161 ;0 ;0.939 ;4.1 ;0.0 ;0.900 ;0 ;2.95 ;6.6 ;0 ;7 ;58.5;
131 ;0:00.90 ;2114 ;0 ;0.947 ;4.1 ;0.0 ;0.900 ;0 ;3.01 ;6.4 ;0 ;7 ;52.2;
131 ;0:01.00 ;2007 ;0 ;1.000 ;4.4 ;0.0 ;0.900 ;0 ;3.13 ;6.0 ;0 ;7 ;53.4;
131 ;0:01.10 ;1969 ;0 ;1.028 ;4.3 ;0.0 ;0.900 ;0 ;3.11 ;6.1 ;0 ;7 ;52.2;
131 ;0:01.20 ;1949 ;0 ;1.032 ;4.4 ;0.0 ;0.900 ;0 ;3.11 ;6.2 ;0 ;7 ;50.0;
131 ;0:01.30 ;1902 ;0 ;1.022 ;4.4 ;0.0 ;0.900 ;0 ;3.09 ;6.2 ;0 ;7 ;50.0;
131 ;0:01.40 ;1960 ;0 ;1.008 ;4.6 ;0.0 ;0.900 ;0 ;3.11 ;6.1 ;0 ;7 ;42.8;
131 ;0:01.50 ;1835 ;0 ;0.948 ;4.9 ;0.0 ;0.900 ;0 ;3.06 ;6.4 ;0 ;7 ;34.6;
131 ;0:01.60 ;1589 ;0 ;0.917 ;4.9 ;0.0 ;0.900 ;0 ;2.97 ;6.9 ;0 ;7 ;32.0;
131 ;0:01.70 ;1518 ;0 ;0.885 ;5.0 ;0.0 ;0.900 ;0 ;2.94 ;7.0 ;0 ;7 ;40.0;
131 ;0:01.80 ;1657 ;0 ;0.909 ;5.2 ;0.0 ;0.900 ;0 ;2.99 ;6.7 ;0 ;7 ;30.7;
131 ;0:01.90 ;1607 ;0 ;0.913 ;5.2 ;0.0 ;0.900 ;0 ;2.98 ;6.8 ;0 ;7 ;24.5;
131 ;0:02.00 ;1320 ;0 ;0.908 ;5.3 ;0.0 ;0.900 ;0 ;2.94 ;7.0 ;0 ;7 ;23.6;
131 ;0:02.10 ;1248 ;0 ;0.908 ;5.5 ;0.0 ;0.900 ;0 ;2.94 ;7.0 ;0 ;7 ;22.0;
131 ;0:02.20 ;1182 ;0 ;0.904 ;5.9 ;0.0 ;0.900 ;0 ;2.94 ;7.0 ;0 ;7 ;28.0;
131 ;0:02.30 ;1452 ;0 ;0.911 ;5.7 ;0.0 ;0.900 ;0 ;2.94 ;7.0 ;0 ;7 ;37.5;
131 ;0:02.40 ;1863 ;0 ;0.911 ;5.6 ;0.0 ;0.900 ;0 ;3.07 ;6.3 ;0 ;7 ;43.6;
131 ;0:02.50 ;2136 ;0 ;0.895 ;5.5 ;0.0 ;0.900 ;0 ;2.98 ;6.5 ;0 ;7 ;44.4;
131 ;0:02.60 ;2394 ;0 ;0.914 ;5.4 ;0.0 ;0.900 ;0 ;2.69 ;7.5 ;0 ;6 ;43.8;
131 ;0:02.70 ;2634 ;0 ;0.911 ;5.4 ;0.0 ;0.900 ;0 ;2.54 ;8.5 ;0 ;6 ;45.0;
131 ;0:02.80 ;2922 ;0 ;0.926 ;6.0 ;0.0 ;0.900 ;0 ;2.49 ;9.6 ;0 ;6 ;50.9;
131 ;0:02.90 ;3076 ;0 ;0.931 ;5.5 ;0.0 ;0.900 ;0 ;2.48 ;10.0 ;0 ;6 ;53.7;
131 ;0:03.00 ;3113 ;0 ;0.925 ;5.4 ;0.0 ;0.900 ;0 ;2.49 ;10.1 ;0 ;6 ;53.5;
131 ;0:03.10 ;3201 ;0 ;0.913 ;5.6 ;0.0 ;0.900 ;0 ;2.50 ;10.2 ;0 ;6 ;52.6;
131 ;0:03.20 ;3191 ;0 ;0.916 ;5.7 ;0.0 ;0.900 ;0 ;2.50 ;10.1 ;0 ;6 ;50.8;
131 ;0:03.30 ;3212 ;0 ;0.930 ;5.9 ;0.0 ;0.900 ;0 ;2.50 ;10.2 ;0 ;6 ;49.1;
131 ;0:03.40 ;3223 ;0 ;0.920 ;6.1 ;0.0 ;0.900 ;0 ;2.51 ;10.2 ;0 ;6 ;47.6;
131 ;0:03.50 ;3250 ;0 ;0.932 ;6.3 ;0.0 ;0.900 ;0 ;2.51 ;10.2 ;0 ;6 ;45.4;
131 ;0:03.60 ;3240 ;0 ;0.946 ;6.6 ;0.0 ;0.900 ;0 ;2.51 ;10.2 ;0 ;6 ;46.8;
131 ;0:03.70 ;3237 ;0 ;0.922 ;6.3 ;0.0 ;0.900 ;0 ;2.51 ;10.2 ;0 ;6 ;44.7;
131 ;0:03.80 ;3229 ;0 ;0.919 ;6.7 ;0.0 ;0.900 ;0 ;2.51 ;10.2 ;0 ;6 ;43.4;
131 ;0:03.90 ;3226 ;0 ;0.907 ;6.9 ;0.0 ;0.900 ;0 ;2.51 ;10.2 ;0 ;6 ;46.9;
131 ;0:04.00 ;3259 ;0 ;0.902 ;6.6 ;0.0 ;0.900 ;0 ;2.51 ;10.2 ;0 ;6 ;42.8;
131 ;0:04.10 ;3186 ;0 ;0.895 ;7.0 ;0.0 ;0.900 ;0 ;2.50 ;10.1 ;0 ;6 ;44.2;
131 ;0:04.20 ;3272 ;0 ;0.901 ;7.0 ;0.0 ;0.900 ;0 ;2.51 ;10.2 ;0 ;6 ;42.2;
131 ;0:04.30 ;3226 ;0 ;0.898 ;7.1 ;0.0 ;0.900 ;0 ;2.51 ;10.2 ;0 ;6 ;41.0;
131 ;0:04.40 ;3221 ;0 ;0.900 ;7.3 ;0.0 ;0.900 ;0 ;2.50 ;10.2 ;0 ;6 ;38.1;
131 ;0:04.50 ;3154 ;0 ;0.917 ;7.3 ;0.0 ;0.900 ;0 ;2.49 ;10.1 ;0 ;6 ;37.6;
131 ;0:04.60 ;3190 ;0 ;0.935 ;7.7 ;0.0 ;0.900 ;0 ;2.50 ;10.1 ;0 ;6 ;38.1;
131 ;0:04.70 ;3162 ;0 ;0.929 ;7.6 ;0.0 ;0.900 ;0 ;2.49 ;10.1 ;0 ;6 ;39.4;
131 ;0:04.80 ;3187 ;0 ;0.928 ;7.6 ;0.0 ;0.900 ;0 ;2.50 ;10.1 ;0 ;6 ;37.5;
131 ;0:04.90 ;3243 ;0 ;0.922 ;8.0 ;0.0 ;0.900 ;0 ;2.51 ;10.2 ;0 ;6 ;37.0;
131 ;0:05.00 ;3237 ;0 ;0.938 ;8.1 ;0.0 ;0.900 ;0 ;2.51 ;10.2 ;0 ;6 ;37.0;
131 ;0:05.10 ;3219 ;0 ;0.937 ;8.1 ;0.0 ;0.900 ;0 ;2.50 ;10.2 ;0 ;6 ;36.9;
131 ;0:05.20 ;3283 ;0 ;0.928 ;8.4 ;0.0 ;0.900 ;0 ;2.52 ;10.2 ;0 ;6 ;36.4;
131 ;0:05.30 ;3232 ;0 ;0.934 ;8.5 ;0.0 ;0.900 ;0 ;2.51 ;10.2 ;0 ;6 ;34.0;
131 ;0:05.40 ;3205 ;0 ;0.936 ;8.8 ;0.0 ;0.900 ;0 ;2.50 ;10.2 ;0 ;6 ;36.9;
131 ;0:05.50 ;3272 ;0 ;0.936 ;8.4 ;0.0 ;0.900 ;0 ;2.51 ;10.2 ;0 ;6 ;34.0;
131 ;0:05.60 ;3182 ;0 ;0.927 ;8.8 ;0.0 ;0.900 ;0 ;2.50 ;10.1 ;0 ;6 ;33.7;
131 ;0:05.70 ;3251 ;0 ;0.939 ;8.9 ;0.0 ;0.900 ;0 ;2.51 ;10.2 ;0 ;6 ;32.2;
131 ;0:05.80 ;3309 ;0 ;0.944 ;9.6 ;0.0 ;0.900 ;0 ;2.52 ;10.3 ;0 ;6 ;29.8;
131 ;0:05.90 ;3159 ;0 ;0.929 ;9.7 ;0.0 ;0.900 ;0 ;2.49 ;10.1 ;0 ;6 ;30.5;
131 ;0:06.00 ;3195 ;0 ;0.934 ;9.5 ;0.0 ;0.900 ;0 ;2.50 ;10.1 ;0 ;6 ;32.6;
131 ;0:06.10 ;3199 ;0 ;0.936 ;9.2 ;0.0 ;0.900 ;0 ;2.50 ;10.1 ;0 ;6 ;30.9;
131 ;0:06.20 ;3225 ;0 ;0.943 ;9.6 ;0.0 ;0.900 ;0 ;2.51 ;10.2 ;0 ;6 ;32.6;
131 ;0:06.30 ;3316 ;0 ;0.939 ;9.5 ;0.0 ;0.900 ;0 ;2.52 ;10.3 ;0 ;6 ;30.9;
131 ;0:06.40 ;3242 ;0 ;0.929 ;9.7 ;0.0 ;0.900 ;0 ;2.51 ;10.2 ;0 ;6 ;30.3;
131 ;0:06.50 ;3276 ;0 ;0.932 ;9.9 ;0.0 ;0.900 ;0 ;2.51 ;10.2 ;0 ;6 ;30.0;
131 ;0:06.60 ;3222 ;0 ;0.922 ;10.3 ;0.0 ;0.900 ;0 ;2.50 ;10.2 ;0 ;6 ;29.7;
131 ;0:06.70 ;3254 ;0 ;0.921 ;10.2 ;0.0 ;0.900 ;0 ;2.51 ;10.2 ;0 ;6 ;30.0;
131 ;0:06.80 ;3250 ;0 ;0.932 ;10.3 ;0.0 ;0.900 ;0 ;2.51 ;10.2 ;0 ;6 ;27.5;
131 ;0:06.90 ;3173 ;0 ;0.913 ;10.9 ;0.0 ;0.900 ;0 ;2.50 ;10.2 ;0 ;6 ;27.9;
131 ;0:07.00 ;3260 ;0 ;0.905 ;11.1 ;0.0 ;0.900 ;0 ;2.51 ;10.2 ;0 ;6 ;27.2;
131 ;0:07.10 ;3204 ;0 ;0.901 ;11.0 ;0.0 ;0.900 ;0 ;2.50 ;10.2 ;0 ;6 ;26.0;
131 ;0:07.20 ;3251 ;0 ;0.904 ;11.5 ;0.0 ;0.900 ;0 ;2.51 ;10.2 ;0 ;6 ;26.7;
131 ;0:07.30 ;3238 ;0 ;0.923 ;11.6 ;0.0 ;0.900 ;0 ;2.51 ;10.2 ;0 ;6 ;25.2;
131 ;0:07.40 ;3183 ;0 ;0.925 ;11.5 ;0.0 ;0.900 ;0 ;2.50 ;10.1 ;0 ;6 ;25.8;
131 ;0:07.50 ;3215 ;0 ;0.911 ;12.1 ;0.0 ;0.900 ;0 ;2.50 ;10.2 ;0 ;6 ;25.8;
131 ;0:07.60 ;3241 ;0 ;0.919 ;11.8 ;0.0 ;0.900 ;0 ;2.51 ;10.2 ;0 ;6 ;25.4;
131 ;0:07.70 ;3303 ;0 ;0.924 ;12.2 ;0.0 ;0.900 ;0 ;2.52 ;10.3 ;0 ;6 ;25.2;
131 ;0:07.80 ;3260 ;0 ;0.900 ;12.3 ;0.0 ;0.900 ;0 ;2.51 ;10.2 ;0 ;6 ;25.4;
131 ;0:07.90 ;3316 ;0 ;0.896 ;12.2 ;0.0 ;0.900 ;0 ;2.52 ;10.3 ;0 ;7 ;23.0;
131 ;0:08.00 ;3215 ;0 ;0.899 ;13.0 ;0.0 ;0.900 ;0 ;2.50 ;10.2 ;0 ;6 ;24.6;
131 ;0:08.10 ;3277 ;0 ;0.897 ;12.9 ;0.0 ;0.900 ;0 ;2.51 ;10.2 ;0 ;6 ;23.4;
131 ;0:08.20 ;3248 ;0 ;0.887 ;12.8 ;0.0 ;0.900 ;0 ;2.51 ;10.2 ;0 ;6 ;22.7;
131 ;0:08.30 ;3162 ;0 ;0.894 ;13.2 ;0.0 ;0.900 ;0 ;2.49 ;10.1 ;0 ;6 ;21.6;
131 ;0:08.40 ;3149 ;0 ;0.902 ;13.4 ;0.0 ;0.900 ;0 ;2.49 ;10.1 ;0 ;6 ;20.9;
131 ;0:08.50 ;3201 ;0 ;0.907 ;14.0 ;0.0 ;0.900 ;0 ;2.50 ;10.2 ;0 ;6 ;22.0;
131 ;0:08.60 ;3179 ;0 ;0.919 ;13.6 ;0.0 ;0.900 ;0 ;2.50 ;10.1 ;0 ;6 ;20.9;
131 ;0:08.70 ;3228 ;0 ;0.911 ;14.3 ;0.0 ;0.900 ;0 ;2.51 ;10.2 ;0 ;6 ;21.5;
131 ;0:08.80 ;3277 ;0 ;0.910 ;14.4 ;0.0 ;0.900 ;0 ;2.51 ;10.2 ;0 ;6 ;20.8;
131 ;0:08.90 ;3256 ;0 ;0.908 ;14.9 ;0.0 ;0.900 ;0 ;2.51 ;10.2 ;0 ;6 ;22.7;
131 ;0:09.00 ;3352 ;0 ;0.910 ;13.6 ;0.0 ;0.900 ;0 ;2.53 ;10.3 ;0 ;7 ;20.6;
131 ;0:09.10 ;3274 ;0 ;0.908 ;15.0 ;0.0 ;0.900 ;0 ;2.51 ;10.2 ;0 ;6 ;20.9;
131 ;0:09.20 ;3271 ;0 ;0.923 ;14.3 ;0.0 ;0.900 ;0 ;2.51 ;10.2 ;0 ;6 ;20.6;
131 ;0:09.30 ;3269 ;0 ;0.936 ;15.0 ;0.0 ;0.900 ;0 ;2.51 ;10.2 ;0 ;6 ;21.6;
131 ;0:09.40 ;3287 ;0 ;0.934 ;14.3 ;0.0 ;0.900 ;0 ;2.51 ;10.2 ;0 ;6 ;20.8;
131 ;0:09.50 ;3255 ;0 ;0.940 ;14.9 ;0.0 ;0.900 ;0 ;2.51 ;10.2 ;0 ;6 ;20.9;
131 ;0:09.60 ;3260 ;0 ;0.913 ;14.8 ;0.0 ;0.900 ;0 ;2.51 ;10.2 ;0 ;6 ;19.1;
131 ;0:09.70 ;3249 ;0 ;0.907 ;15.7 ;0.0 ;0.900 ;0 ;2.51 ;10.2 ;0 ;6 ;21.5;
131 ;0:09.80 ;3236 ;0 ;0.918 ;13.9 ;0.0 ;0.900 ;0 ;2.51 ;10.2 ;0 ;6 ;20.6;
131 ;0:09.90 ;3271 ;0 ;0.908 ;15.0 ;0.0 ;0.900 ;0 ;2.51 ;10.2 ;0 ;6 ;20.6;
131 ;0:10.00 ;3259 ;0 ;0.915 ;14.9 ;0.0 ;0.900 ;0 ;2.51 ;10.2 ;0 ;6 ;19.5;
131 ;0:10.10 ;3349 ;0 ;0.926 ;15.7 ;0.0 ;0.900 ;0 ;2.53 ;10.3 ;0 ;7 ;20.0;
131 ;0:10.20 ;3305 ;0 ;0.912 ;15.5 ;0.0 ;0.900 ;0 ;2.52 ;10.3 ;0 ;7 ;19.8;
131 ;0:10.30 ;3299 ;0 ;0.904 ;15.6 ;0.0 ;0.900 ;0 ;2.52 ;10.2 ;0 ;6 ;19.6;
131 ;0:10.40 ;3223 ;0 ;0.898 ;15.8 ;0.0 ;0.900 ;0 ;2.51 ;10.2 ;0 ;6 ;19.1;
131 ;0:10.50 ;3280 ;0 ;0.881 ;16.2 ;0.0 ;0.900 ;0 ;2.52 ;10.2 ;0 ;6 ;18.7;
131 ;0:10.60 ;3207 ;0 ;0.879 ;16.0 ;0.0 ;0.900 ;0 ;2.50 ;10.2 ;0 ;6 ;17.3;
131 ;0:10.70 ;3224 ;0 ;0.866 ;17.3 ;0.0 ;0.900 ;0 ;2.51 ;10.2 ;0 ;6 ;18.6;
131 ;0:10.80 ;3243 ;0 ;0.855 ;16.6 ;0.0 ;0.900 ;0 ;2.51 ;10.2 ;0 ;6 ;17.7;
131 ;0:10.90 ;3226 ;0 ;0.841 ;16.9 ;0.0 ;0.900 ;0 ;2.51 ;10.2 ;0 ;6 ;16.4;
131 ;0:11.00 ;3121 ;0 ;0.833 ;17.7 ;0.0 ;0.900 ;0 ;2.49 ;10.1 ;0 ;6 ;17.1;
131 ;0:11.10 ;3188 ;0 ;0.822 ;17.5 ;0.0 ;0.900 ;0 ;2.50 ;10.1 ;0 ;6 ;16.1;
131 ;0:11.20 ;3174 ;0 ;0.825 ;18.6 ;0.0 ;0.900 ;0 ;2.50 ;10.1 ;0 ;6 ;17.6;
131 ;0:11.30 ;3305 ;0 ;0.819 ;17.6 ;0.0 ;0.900 ;0 ;2.52 ;10.3 ;0 ;7 ;18.0;
131 ;0:11.40 ;3488 ;0 ;0.807 ;18.3 ;0.0 ;0.900 ;0 ;2.55 ;10.4 ;0 ;7 ;18.4;
131 ;0:11.50 ;3636 ;0 ;0.808 ;18.1 ;0.0 ;0.900 ;0 ;2.58 ;10.6 ;0 ;7 ;19.4;
131 ;0:11.60 ;3731 ;0 ;0.796 ;18.5 ;0.0 ;0.900 ;0 ;2.60 ;10.7 ;0 ;8 ;19.5;
131 ;0:11.70 ;3816 ;0 ;0.800 ;18.9 ;0.0 ;0.900 ;0 ;2.61 ;10.8 ;0 ;8 ;18.7;
131 ;0:11.80 ;3916 ;0 ;0.807 ;20.8 ;0.0 ;0.900 ;0 ;2.63 ;10.9 ;0 ;8 ;20.4;
131 ;0:11.90 ;3961 ;0 ;0.820 ;18.9 ;0.0 ;0.900 ;0 ;2.64 ;10.9 ;0 ;8 ;19.0;
131 ;0:12.00 ;3884 ;0 ;0.824 ;20.0 ;0.0 ;0.900 ;0 ;2.62 ;10.8 ;0 ;8 ;18.4;
131 ;0:12.10 ;3918 ;0 ;0.825 ;21.1 ;0.0 ;0.900 ;0 ;2.63 ;10.9 ;0 ;8 ;19.5;
131 ;0:12.20 ;4013 ;0 ;0.834 ;20.5 ;0.0 ;0.900 ;0 ;2.65 ;11.0 ;0 ;9 ;18.7;
131 ;0:12.30 ;4182 ;0 ;0.820 ;21.9 ;0.0 ;0.900 ;0 ;2.65 ;11.7 ;0 ;9 ;20.3;
131 ;0:12.40 ;4294 ;0 ;0.829 ;22.3 ;0.0 ;0.900 ;0 ;2.65 ;12.1 ;0 ;9 ;19.1;
131 ;0:12.50 ;4293 ;0 ;0.847 ;22.5 ;0.0 ;0.900 ;0 ;2.65 ;12.2 ;0 ;9 ;19.9;
131 ;0:12.60 ;4423 ;0 ;0.894 ;23.3 ;0.0 ;0.900 ;0 ;2.65 ;12.6 ;0 ;9 ;19.7;
131 ;0:12.70 ;4555 ;0 ;0.891 ;22.8 ;0.0 ;0.900 ;0 ;2.65 ;13.2 ;0 ;10 ;18.6;
131 ;0:12.80 ;4559 ;0 ;0.848 ;24.1 ;0.0 ;0.900 ;0 ;2.65 ;13.2 ;0 ;10 ;19.9;
131 ;0:12.90 ;4823 ;0 ;0.838 ;24.1 ;0.0 ;0.900 ;0 ;2.65 ;14.2 ;0 ;10 ;20.0;
131 ;0:13.00 ;4770 ;0 ;0.875 ;24.0 ;0.0 ;0.900 ;0 ;2.65 ;14.0 ;0 ;10 ;20.7;
131 ;0:13.10 ;5002 ;0 ;0.880 ;26.7 ;0.0 ;0.900 ;0 ;2.65 ;15.0 ;0 ;11 ;19.5;
131 ;0:13.20 ;5110 ;0 ;0.864 ;24.7 ;0.0 ;0.900 ;0 ;2.65 ;15.5 ;0 ;11 ;19.2;
131 ;0:13.30 ;5153 ;0 ;0.842 ;26.5 ;0.0 ;0.900 ;0 ;2.65 ;15.7 ;0 ;11 ;19.4;
131 ;0:13.40 ;5453 ;0 ;0.847 ;27.7 ;0.0 ;0.900 ;0 ;2.65 ;17.2 ;0 ;12 ;17.3;
131 ;0:13.50 ;5106 ;0 ;0.927 ;28.4 ;0.0 ;0.900 ;0 ;2.65 ;15.5 ;0 ;11 ;14.6;
131 ;0:13.60 ;4394 ;0 ;0.928 ;31.1 ;0.0 ;0.900 ;0 ;2.65 ;12.5 ;0 ;9 ;14.4;
131 ;0:13.70 ;4501 ;0 ;0.851 ;29.7 ;0.0 ;0.900 ;0 ;2.65 ;13.0 ;0 ;9 ;12.0;
131 ;0:13.80 ;3985 ;0 ;0.888 ;32.3 ;0.0 ;0.900 ;0 ;2.64 ;10.9 ;0 ;8 ;12.0;
131 ;0:13.90 ;4076 ;0 ;0.955 ;33.1 ;0.0 ;0.900 ;0 ;2.65 ;11.3 ;0 ;9 ;11.8;
131 ;0:14.00 ;4164 ;0 ;0.986 ;34.6 ;0.0 ;0.900 ;0 ;2.65 ;11.6 ;0 ;9 ;11.4;
131 ;0:14.10 ;4455 ;0 ;1.064 ;35.6 ;0.0 ;0.900 ;0 ;2.65 ;12.8 ;0 ;9 ;10.7;
131 ;0:14.20 ;4045 ;0 ;1.066 ;37.3 ;0.0 ;0.900 ;0 ;2.65 ;11.1 ;0 ;8 ;9.2;
131 ;0:14.30 ;3797 ;0 ;1.097 ;39.1 ;0.0 ;0.900 ;0 ;2.61 ;10.7 ;0 ;8 ;10.5;
131 ;0:14.40 ;4294 ;0 ;1.104 ;41.7 ;0.0 ;0.900 ;0 ;2.65 ;12.1 ;0 ;9 ;10.2;
131 ;0:14.50 ;4363 ;0 ;1.093 ;43.4 ;0.0 ;0.900 ;0 ;2.65 ;12.4 ;0 ;9 ;10.3;
131 ;0:14.60 ;4495 ;0 ;1.062 ;43.5 ;0.0 ;0.900 ;0 ;2.65 ;12.9 ;0 ;10 ;10.2;
131 ;0:14.70 ;4587 ;0 ;1.064 ;45.5 ;0.0 ;0.900 ;0 ;2.65 ;13.3 ;0 ;10 ;9.9;
131 ;0:14.80 ;4622 ;0 ;1.056 ;43.7 ;0.0 ;0.900 ;0 ;2.65 ;13.4 ;0 ;10 ;10.1;
131 ;0:14.90 ;4658 ;0 ;1.029 ;44.5 ;0.0 ;0.900 ;0 ;2.65 ;13.6 ;0 ;10 ;10.3;
131 ;0:15.00 ;4724 ;0 ;0.873 ;44.8 ;0.0 ;0.900 ;0 ;2.65 ;13.8 ;0 ;10 ;9.6;
131 ;0:15.10 ;4658 ;0 ;0.768 ;44.6 ;0.0 ;0.900 ;0 ;2.65 ;13.6 ;0 ;10 ;9.2;
131 ;0:15.20 ;4327 ;0 ;0.781 ;48.0 ;0.0 ;0.900 ;0 ;2.65 ;12.3 ;0 ;9 ;17.0;
131 ;0:15.30 ;5398 ;12 ;0.770 ;47.1 ;0.0 ;0.900 ;0 ;4.10 ;45.3 ;0 ;18 ;17.5;
131 ;0:15.40 ;5096 ;13 ;0.696 ;47.5 ;0.0 ;0.900 ;0 ;4.22 ;39.0 ;0 ;17 ;16.4;
131 ;0:15.50 ;4573 ;15 ;0.715 ;47.5 ;0.0 ;0.900 ;0 ;4.66 ;35.0 ;0 ;18 ;23.1;
131 ;0:15.60 ;5146 ;23 ;0.725 ;44.3 ;0.0 ;0.900 ;0 ;5.69 ;35.4 ;0 ;24 ;22.3;
131 ;0:15.70 ;4940 ;27 ;0.685 ;49.3 ;0.0 ;0.900 ;0 ;5.95 ;34.1 ;0 ;24 ;21.6;
131 ;0:15.80 ;4598 ;27 ;0.699 ;47.1 ;0.0 ;0.900 ;0 ;5.90 ;32.6 ;0 ;23 ;24.9;
131 ;0:15.90 ;4909 ;27 ;0.715 ;46.5 ;0.0 ;0.900 ;0 ;5.94 ;33.9 ;0 ;23 ;25.5;
131 ;0:16.00 ;4996 ;27 ;0.730 ;45.6 ;0.0 ;0.900 ;0 ;5.95 ;34.3 ;0 ;24 ;23.2;
131 ;0:16.10 ;4870 ;27 ;0.728 ;44.8 ;0.0 ;0.900 ;0 ;5.94 ;33.7 ;0 ;24 ;22.4;
131 ;0:16.20 ;4564 ;27 ;0.728 ;43.7 ;0.0 ;0.900 ;0 ;5.89 ;32.4 ;0 ;22 ;23.0;
131 ;0:16.30 ;4472 ;27 ;0.717 ;44.1 ;0.0 ;0.900 ;0 ;5.88 ;32.0 ;0 ;22 ;25.3;
131 ;0:16.40 ;4594 ;27 ;0.774 ;43.1 ;0.0 ;0.900 ;0 ;5.90 ;32.5 ;0 ;22 ;26.4;
131 ;0:16.50 ;4984 ;30 ;0.820 ;43.5 ;0.0 ;0.900 ;0 ;6.09 ;34.6 ;0 ;24 ;23.6;
131 ;0:16.60 ;4285 ;32 ;0.964 ;41.4 ;0.0 ;0.900 ;0 ;6.03 ;31.3 ;0 ;23 ;32.4;
131 ;0:16.70 ;5227 ;37 ;0.832 ;39.1 ;0.0 ;0.900 ;0 ;6.30 ;34.7 ;0 ;27 ;25.1;
131 ;0:16.80 ;4452 ;37 ;0.816 ;39.6 ;0.0 ;0.900 ;0 ;6.21 ;32.0 ;1 ;23 ;28.4;
131 ;0:16.90 ;4705 ;37 ;0.841 ;39.4 ;0.0 ;0.900 ;0 ;6.28 ;33.2 ;0 ;24 ;28.9;
131 ;0:17.00 ;4606 ;37 ;0.874 ;36.3 ;0.0 ;0.900 ;0 ;6.25 ;32.8 ;0 ;23 ;28.0;
131 ;0:17.10 ;4466 ;37 ;0.901 ;37.1 ;0.0 ;0.900 ;0 ;6.21 ;32.1 ;0 ;23 ;27.4;
131 ;0:17.20 ;4293 ;37 ;0.899 ;36.4 ;0.0 ;0.900 ;0 ;6.17 ;31.3 ;0 ;22 ;29.0;
131 ;0:17.30 ;4169 ;37 ;0.795 ;33.1 ;0.0 ;0.900 ;0 ;6.14 ;30.8 ;0 ;21 ;27.8;
131 ;0:17.40 ;3892 ;37 ;0.784 ;31.9 ;0.0 ;0.900 ;0 ;6.09 ;30.0 ;0 ;19 ;28.7;
131 ;0:17.50 ;3845 ;37 ;0.775 ;31.0 ;0.0 ;0.900 ;0 ;6.09 ;30.0 ;0 ;19 ;28.5;
131 ;0:17.60 ;3675 ;37 ;0.798 ;31.2 ;0.0 ;0.900 ;0 ;6.09 ;30.0 ;0 ;18 ;27.5;
131 ;0:17.70 ;3458 ;37 ;0.813 ;29.1 ;0.0 ;0.900 ;0 ;6.09 ;30.0 ;0 ;17 ;29.0;
131 ;0:17.80 ;3495 ;36 ;0.812 ;29.0 ;0.0 ;0.900 ;0 ;6.07 ;30.0 ;0 ;17 ;26.9;
131 ;0:17.90 ;3335 ;35 ;0.806 ;27.8 ;0.0 ;0.900 ;0 ;6.05 ;30.0 ;0 ;17 ;24.7;
131 ;0:18.00 ;3041 ;30 ;0.816 ;27.2 ;0.0 ;0.900 ;0 ;5.91 ;30.0 ;0 ;15 ;24.4;
131 ;0:18.10 ;3031 ;25 ;0.819 ;27.4 ;0.0 ;0.900 ;0 ;5.75 ;30.0 ;0 ;14 ;25.4;
131 ;0:18.20 ;3169 ;23 ;0.854 ;26.6 ;0.0 ;0.900 ;0 ;5.63 ;30.0 ;0 ;14 ;23.4;
131 ;0:18.30 ;3119 ;22 ;0.870 ;25.1 ;0.0 ;0.900 ;0 ;5.57 ;30.0 ;0 ;14 ;24.1;
131 ;0:18.40 ;3078 ;21 ;0.910 ;26.5 ;0.0 ;0.900 ;0 ;5.51 ;30.0 ;0 ;14 ;23.7;
131 ;0:18.50 ;2899 ;20 ;0.921 ;25.9 ;0.0 ;0.900 ;0 ;5.45 ;30.0 ;0 ;13 ;21.8;
131 ;0:18.60 ;2730 ;18 ;0.940 ;25.6 ;0.0 ;0.900 ;0 ;5.33 ;30.0 ;0 ;13 ;19.9;
131 ;0:18.70 ;2662 ;17 ;0.967 ;25.6 ;0.0 ;0.900 ;0 ;5.10 ;30.0 ;0 ;12 ;18.5;
131 ;0:18.80 ;2476 ;16 ;0.966 ;24.2 ;0.0 ;0.900 ;0 ;4.87 ;30.0 ;0 ;12 ;18.7;
131 ;0:18.90 ;2438 ;16 ;0.958 ;24.0 ;0.0 ;0.900 ;0 ;4.87 ;30.0 ;0 ;12 ;19.2;
131 ;0:19.00 ;2480 ;16 ;0.941 ;23.4 ;0.0 ;0.900 ;0 ;4.87 ;30.0 ;0 ;12 ;16.5;
131 ;0:19.10 ;2406 ;14 ;0.926 ;24.1 ;0.0 ;0.900 ;0 ;4.41 ;30.0 ;0 ;11 ;15.5;
131 ;0:19.20 ;2376 ;12 ;0.933 ;23.7 ;0.0 ;0.900 ;0 ;4.18 ;28.0 ;0 ;10 ;17.0;
131 ;0:19.30 ;2443 ;11 ;0.948 ;22.2 ;0.0 ;0.900 ;0 ;4.18 ;26.0 ;0 ;10 ;16.0;
131 ;0:19.40 ;2355 ;9 ;0.962 ;21.7 ;0.0 ;0.900 ;0 ;4.18 ;22.0 ;0 ;10 ;16.5;
131 ;0:19.50 ;2325 ;8 ;0.971 ;21.8 ;0.0 ;0.900 ;0 ;4.18 ;20.0 ;0 ;10 ;14.7;
131 ;0:19.60 ;2324 ;6 ;0.977 ;23.1 ;0.0 ;0.900 ;0 ;3.89 ;16.0 ;0 ;9 ;14.0;
131 ;0:19.70 ;2368 ;5 ;0.959 ;23.5 ;0.0 ;0.900 ;0 ;3.75 ;14.0 ;0 ;9 ;12.8;
131 ;0:19.80 ;2315 ;2 ;0.955 ;23.1 ;0.0 ;0.900 ;0 ;3.19 ;9.6 ;0 ;7 ;11.0;
131 ;0:19.90 ;2411 ;1 ;0.938 ;23.5 ;0.0 ;0.900 ;0 ;2.90 ;8.7 ;0 ;7 ;9.9;
131 ;0:20.00 ;2510 ;0 ;0.899 ;24.2 ;0.0 ;0.900 ;0 ;2.56 ;8.0 ;0 ;6 ;9.8;
131 ;0:20.10 ;2529 ;0 ;0.907 ;24.3 ;0.0 ;0.900 ;0 ;2.56 ;8.1 ;0 ;6 ;9.4;
131 ;0:20.20 ;2553 ;0 ;0.925 ;25.3 ;0.0 ;0.900 ;0 ;2.56 ;8.2 ;0 ;6 ;9.6;
131 ;0:20.30 ;2542 ;0 ;0.936 ;24.8 ;0.0 ;0.900 ;0 ;2.56 ;8.1 ;0 ;6 ;9.8;
131 ;0:20.40 ;2528 ;0 ;0.932 ;26.7 ;0.0 ;0.900 ;0 ;2.56 ;8.1 ;0 ;6 ;9.5;
131 ;0:20.50 ;2559 ;0 ;0.893 ;25.1 ;0.0 ;0.900 ;0 ;2.55 ;8.2 ;0 ;6 ;10.6;
131 ;0:20.60 ;2850 ;0 ;0.875 ;25.2 ;0.0 ;0.900 ;0 ;2.50 ;9.4 ;0 ;6 ;10.8;
131 ;0:20.70 ;2935 ;0 ;0.874 ;24.8 ;0.0 ;0.900 ;0 ;2.49 ;9.7 ;0 ;6 ;11.0;
131 ;0:20.80 ;2764 ;0 ;0.875 ;23.6 ;0.0 ;0.900 ;0 ;2.52 ;9.0 ;0 ;6 ;11.3;
131 ;0:20.90 ;2767 ;0 ;0.853 ;23.0 ;0.0 ;0.900 ;0 ;2.52 ;9.0 ;0 ;6 ;11.0;
131 ;0:21.00 ;2847 ;0 ;0.836 ;23.4 ;0.0 ;0.900 ;0 ;2.50 ;9.3 ;0 ;6 ;10.8;
131 ;0:21.10 ;2936 ;0 ;0.824 ;24.2 ;0.0 ;0.900 ;0 ;2.49 ;9.7 ;0 ;6 ;11.5;
131 ;0:21.20 ;3194 ;0 ;0.817 ;25.9 ;0.0 ;0.900 ;0 ;2.50 ;10.1 ;0 ;6 ;11.4;
131 ;0:21.30 ;3265 ;0 ;0.826 ;27.1 ;0.0 ;0.900 ;0 ;2.51 ;10.2 ;0 ;6 ;11.2;
131 ;0:21.40 ;3306 ;0 ;0.818 ;25.8 ;0.0 ;0.900 ;0 ;2.52 ;10.3 ;0 ;7 ;11.1;
131 ;0:21.50 ;3187 ;0 ;0.815 ;26.3 ;0.0 ;0.900 ;0 ;2.50 ;10.1 ;0 ;6 ;10.8;
131 ;0:21.60 ;3104 ;0 ;0.817 ;27.4 ;0.0 ;0.900 ;0 ;2.48 ;10.1 ;0 ;6 ;11.2;
131 ;0:21.70 ;3248 ;0 ;0.818 ;26.7 ;0.0 ;0.900 ;0 ;2.51 ;10.2 ;0 ;6 ;11.0;
131 ;0:21.80 ;3481 ;0 ;0.869 ;28.5 ;0.0 ;0.900 ;0 ;2.55 ;10.4 ;0 ;7 ;10.9;
131 ;0:21.90 ;3563 ;0 ;0.919 ;30.5 ;0.0 ;0.900 ;0 ;2.57 ;10.5 ;0 ;7 ;10.0;
131 ;0:22.00 ;3538 ;0 ;0.891 ;34.3 ;0.0 ;0.900 ;0 ;2.56 ;10.5 ;0 ;7 ;10.5;
131 ;0:22.10 ;3795 ;0 ;0.882 ;36.3 ;0.0 ;0.900 ;0 ;2.61 ;10.7 ;0 ;8 ;9.6;
131 ;0:22.20 ;3685 ;0 ;0.903 ;35.4 ;0.0 ;0.900 ;0 ;2.59 ;10.6 ;0 ;7 ;10.2;
131 ;0:22.30 ;3934 ;0 ;0.998 ;37.2 ;0.0 ;0.900 ;0 ;2.63 ;10.9 ;0 ;8 ;10.9;
131 ;0:22.40 ;4235 ;0 ;1.047 ;40.6 ;0.0 ;0.900 ;0 ;2.65 ;11.9 ;0 ;9 ;10.4;
131 ;0:22.50 ;4366 ;0 ;1.034 ;41.9 ;0.0 ;0.900 ;0 ;2.65 ;12.4 ;0 ;9 ;10.5;
131 ;0:22.60 ;4317 ;0 ;1.007 ;43.1 ;0.0 ;0.900 ;0 ;2.65 ;12.2 ;0 ;9 ;10.0;
131 ;0:22.70 ;4482 ;0 ;0.998 ;44.0 ;0.0 ;0.900 ;0 ;2.65 ;12.9 ;0 ;10 ;10.4;
131 ;0:22.80 ;4678 ;0 ;0.986 ;46.0 ;0.0 ;0.900 ;0 ;2.65 ;13.7 ;0 ;10 ;10.3;
131 ;0:22.90 ;5020 ;0 ;0.982 ;49.0 ;0.0 ;0.900 ;0 ;2.65 ;15.1 ;0 ;11 ;10.4;
131 ;0:23.00 ;5246 ;0 ;0.997 ;51.0 ;0.0 ;0.900 ;0 ;2.65 ;16.2 ;0 ;11 ;10.4;
131 ;0:23.10 ;5387 ;0 ;1.002 ;53.5 ;0.0 ;0.900 ;0 ;2.65 ;16.9 ;0 ;12 ;10.1;
131 ;0:23.20 ;5484 ;0 ;0.788 ;53.4 ;0.0 ;0.900 ;0 ;2.65 ;17.4 ;0 ;12 ;9.6;
131 ;0:23.30 ;5408 ;0 ;0.742 ;52.2 ;0.0 ;0.900 ;0 ;2.65 ;17.0 ;0 ;11 ;9.8;
131 ;0:23.40 ;5482 ;0 ;0.740 ;56.8 ;0.0 ;0.900 ;0 ;2.65 ;17.4 ;0 ;12 ;14.5;
131 ;0:23.50 ;5575 ;10 ;0.773 ;55.7 ;0.0 ;0.900 ;0 ;3.94 ;45.9 ;0 ;18 ;23.4;
131 ;0:23.60 ;5794 ;28 ;0.795 ;53.7 ;0.0 ;0.900 ;0 ;5.76 ;35.4 ;0 ;27 ;25.2;
131 ;0:23.70 ;5857 ;33 ;0.809 ;52.7 ;0.0 ;0.900 ;0 ;5.96 ;35.0 ;0 ;29 ;25.6;
131 ;0:23.80 ;5799 ;33 ;0.758 ;53.5 ;0.0 ;0.900 ;0 ;5.98 ;35.0 ;0 ;29 ;24.5;
131 ;0:23.90 ;5558 ;33 ;0.799 ;53.7 ;0.0 ;0.900 ;0 ;6.06 ;35.0 ;0 ;28 ;23.1;
131 ;0:24.00 ;5521 ;34 ;0.825 ;51.4 ;0.0 ;0.900 ;0 ;6.10 ;35.0 ;0 ;28 ;23.5;
131 ;0:24.10 ;5496 ;33 ;0.757 ;53.0 ;0.0 ;0.900 ;0 ;6.08 ;35.0 ;1 ;28 ;26.1;
131 ;0:24.20 ;5857 ;32 ;0.799 ;50.1 ;0.0 ;0.900 ;0 ;5.91 ;35.1 ;0 ;28 ;27.2;
131 ;0:24.30 ;5912 ;32 ;0.830 ;48.4 ;0.0 ;0.900 ;0 ;5.89 ;35.1 ;0 ;29 ;28.2;
131 ;0:24.40 ;5950 ;32 ;0.823 ;46.2 ;0.0 ;0.900 ;0 ;5.88 ;35.1 ;0 ;29 ;27.1;
131 ;0:24.50 ;5656 ;34 ;0.799 ;45.2 ;0.0 ;0.900 ;0 ;6.06 ;35.0 ;0 ;29 ;27.3;
131 ;0:24.60 ;5168 ;34 ;0.694 ;46.8 ;0.0 ;0.900 ;0 ;6.23 ;35.0 ;0 ;27 ;30.3;
131 ;0:24.70 ;5817 ;34 ;0.850 ;43.8 ;0.0 ;0.900 ;0 ;6.00 ;35.0 ;0 ;28 ;33.8;
131 ;0:24.80 ;6508 ;33 ;0.687 ;42.7 ;0.0 ;0.900 ;0 ;5.63 ;40.1 ;0 ;30 ;31.0;
131 ;0:24.90 ;6202 ;32 ;0.725 ;40.7 ;0.0 ;0.900 ;0 ;5.75 ;37.3 ;1 ;30 ;29.6;
131 ;0:25.00 ;5926 ;31 ;0.793 ;41.2 ;0.0 ;0.900 ;0 ;5.85 ;35.2 ;0 ;29 ;32.4;
131 ;0:25.10 ;5967 ;31 ;0.806 ;42.0 ;0.0 ;0.900 ;0 ;5.83 ;35.2 ;0 ;29 ;31.6;
131 ;0:25.20 ;5774 ;30 ;0.788 ;39.2 ;0.0 ;0.900 ;0 ;5.85 ;35.2 ;0 ;28 ;32.8;
131 ;0:25.30 ;5563 ;31 ;0.776 ;38.4 ;0.0 ;0.900 ;0 ;5.97 ;35.1 ;0 ;27 ;37.2;
131 ;0:25.40 ;5975 ;33 ;0.766 ;36.7 ;0.0 ;0.900 ;0 ;5.91 ;35.0 ;0 ;28 ;37.1;
131 ;0:25.50 ;5794 ;35 ;0.914 ;33.4 ;0.0 ;0.900 ;0 ;6.08 ;34.9 ;0 ;29 ;40.7;
131 ;0:25.60 ;5597 ;38 ;0.805 ;32.9 ;0.0 ;0.900 ;0 ;6.22 ;34.7 ;0 ;29 ;42.8;
131 ;0:25.70 ;5774 ;37 ;0.751 ;30.9 ;0.0 ;0.900 ;0 ;6.13 ;10.4 ;0 ;29 ;46.8;
131 ;0:25.80 ;6436 ;37 ;0.770 ;32.2 ;0.0 ;0.900 ;0 ;5.81 ;39.3 ;0 ;31 ;44.7;
131 ;0:25.90 ;6125 ;34 ;0.766 ;30.6 ;0.0 ;0.900 ;0 ;5.91 ;35.6 ;0 ;30 ;42.9;
131 ;0:26.00 ;6218 ;32 ;0.772 ;29.6 ;0.0 ;0.900 ;0 ;5.74 ;37.5 ;0 ;29 ;44.2;
131 ;0:26.10 ;5787 ;30 ;0.805 ;28.6 ;0.0 ;0.900 ;0 ;5.85 ;35.2 ;0 ;28 ;43.5;
131 ;0:26.20 ;5678 ;28 ;0.784 ;27.2 ;0.0 ;0.900 ;0 ;5.80 ;35.2 ;0 ;27 ;45.2;
131 ;0:26.30 ;5383 ;26 ;0.746 ;26.3 ;0.0 ;0.900 ;0 ;5.80 ;34.8 ;0 ;26 ;43.4;
131 ;0:26.40 ;5099 ;22 ;0.745 ;25.1 ;0.0 ;0.900 ;0 ;5.64 ;35.7 ;0 ;24 ;39.4;
131 ;0:26.50 ;4842 ;19 ;0.744 ;25.7 ;0.0 ;0.900 ;0 ;5.43 ;35.7 ;0 ;22 ;34.5;
131 ;0:26.60 ;4714 ;16 ;0.739 ;26.0 ;0.0 ;0.900 ;0 ;4.90 ;35.9 ;0 ;19 ;27.9;
131 ;0:26.70 ;4522 ;12 ;0.736 ;25.8 ;0.0 ;0.900 ;0 ;4.19 ;34.0 ;0 ;15 ;27.7;
131 ;0:26.80 ;4458 ;10 ;0.736 ;25.2 ;0.0 ;0.900 ;0 ;4.18 ;31.4 ;0 ;15 ;27.6;
131 ;0:26.90 ;4472 ;9 ;0.748 ;26.2 ;0.0 ;0.900 ;0 ;4.18 ;30.6 ;0 ;15 ;27.2;
131 ;0:27.00 ;4281 ;9 ;0.769 ;24.6 ;0.0 ;0.900 ;0 ;4.18 ;28.7 ;0 ;15 ;27.4;
131 ;0:27.10 ;4252 ;8 ;0.779 ;25.3 ;0.0 ;0.900 ;0 ;4.18 ;27.4 ;0 ;14 ;27.8;
131 ;0:27.20 ;4192 ;8 ;0.779 ;23.7 ;0.0 ;0.900 ;0 ;4.18 ;26.9 ;0 ;14 ;26.7;
131 ;0:27.30 ;4200 ;7 ;0.810 ;23.9 ;0.0 ;0.900 ;0 ;4.03 ;26.1 ;0 ;14 ;27.1;
131 ;0:27.40 ;3941 ;7 ;0.783 ;22.1 ;0.0 ;0.900 ;0 ;4.03 ;23.9 ;0 ;13 ;28.2;
131 ;0:27.50 ;4108 ;7 ;0.769 ;22.3 ;0.0 ;0.900 ;0 ;4.03 ;25.2 ;0 ;13 ;29.4;
131 ;0:27.60 ;3952 ;7 ;0.783 ;20.7 ;0.0 ;0.900 ;0 ;4.03 ;24.0 ;0 ;13 ;23.3;
131 ;0:27.70 ;3405 ;7 ;0.794 ;20.7 ;0.0 ;0.900 ;0 ;4.03 ;21.4 ;0 ;11 ;23.6;
131 ;0:27.80 ;3568 ;6 ;0.792 ;22.0 ;0.0 ;0.900 ;0 ;3.89 ;21.0 ;0 ;11 ;27.4;
131 ;0:27.90 ;3888 ;6 ;0.824 ;20.4 ;0.0 ;0.900 ;0 ;3.89 ;22.8 ;0 ;12 ;28.3;
131 ;0:28.00 ;3996 ;6 ;0.836 ;20.8 ;0.0 ;0.900 ;0 ;3.89 ;23.4 ;0 ;12 ;20.4;
131 ;0:28.10 ;3127 ;5 ;0.826 ;21.5 ;0.0 ;0.900 ;0 ;3.75 ;17.2 ;0 ;9 ;15.4;
131 ;0:28.20 ;2963 ;2 ;0.812 ;22.0 ;0.0 ;0.900 ;0 ;3.04 ;12.2 ;0 ;7 ;21.6;
131 ;0:28.30 ;3874 ;2 ;0.824 ;20.6 ;0.0 ;0.900 ;0 ;3.11 ;15.9 ;0 ;10 ;23.0;
131 ;0:28.40 ;4018 ;2 ;0.813 ;21.3 ;0.0 ;0.900 ;0 ;3.13 ;16.5 ;0 ;10 ;17.3;
131 ;0:28.50 ;3485 ;1 ;0.801 ;21.0 ;0.0 ;0.900 ;0 ;2.81 ;12.3 ;0 ;8 ;15.0;
131 ;0:28.60 ;3179 ;1 ;0.803 ;22.0 ;0.0 ;0.900 ;0 ;2.77 ;11.6 ;0 ;7 ;18.0;
131 ;0:28.70 ;3812 ;1 ;0.800 ;22.1 ;0.0 ;0.900 ;0 ;2.86 ;13.2 ;0 ;9 ;19.9;
131 ;0:28.80 ;4200 ;1 ;0.811 ;21.4 ;0.0 ;0.900 ;0 ;2.89 ;14.7 ;0 ;10 ;17.5;
131 ;0:28.90 ;4023 ;0 ;0.812 ;22.8 ;0.0 ;0.900 ;0 ;2.65 ;11.0 ;0 ;8 ;14.2;
131 ;0:29.00 ;3605 ;0 ;0.826 ;24.6 ;0.0 ;0.900 ;0 ;2.57 ;10.6 ;0 ;7 ;14.8;
131 ;0:29.10 ;3654 ;0 ;0.875 ;23.6 ;0.0 ;0.900 ;0 ;2.58 ;10.6 ;0 ;7 ;16.8;
131 ;0:29.20 ;3985 ;0 ;0.900 ;23.2 ;0.0 ;0.900 ;0 ;2.64 ;10.9 ;0 ;8 ;19.5;
131 ;0:29.30 ;4548 ;0 ;0.904 ;23.0 ;0.0 ;0.900 ;0 ;2.65 ;13.1 ;0 ;10 ;18.8;
131 ;0:29.40 ;4388 ;0 ;0.950 ;23.4 ;0.0 ;0.900 ;0 ;2.65 ;12.5 ;0 ;9 ;13.7;
131 ;0:29.50 ;3546 ;0 ;0.854 ;24.8 ;0.0 ;0.900 ;0 ;2.56 ;10.5 ;0 ;7 ;10.4;
131 ;0:29.60 ;2987 ;0 ;0.845 ;26.1 ;0.0 ;0.900 ;0 ;2.48 ;9.9 ;0 ;6 ;9.0;
131 ;0:29.70 ;2735 ;0 ;0.845 ;28.6 ;0.0 ;0.900 ;0 ;2.52 ;8.9 ;0 ;6 ;8.4;
131 ;0:29.80 ;2472 ;0 ;0.878 ;28.7 ;0.0 ;0.900 ;0 ;2.60 ;7.8 ;0 ;6 ;8.2;
131 ;0:29.90 ;2161 ;0 ;0.886 ;30.6 ;0.0 ;0.900 ;0 ;2.95 ;6.6 ;0 ;7 ;6.8;
131 ;0:30.00 ;1861 ;0 ;1.007 ;30.5 ;0.0 ;0.900 ;0 ;3.07 ;6.3 ;0 ;7 ;5.1;
131 ;0:30.10 ;1542 ;0 ;1.029 ;31.2 ;0.0 ;0.900 ;0 ;2.95 ;7.0 ;0 ;7 ;3.4;
131 ;0:30.20 ;1035 ;0 ;1.032 ;33.4 ;0.0 ;0.900 ;0 ;2.94 ;7.0 ;0 ;7 ;2.2;
131 ;0:30.30 ;760 ;0 ;1.030 ;34.1 ;0.0 ;0.900 ;0 ;2.94 ;7.0 ;0 ;7 ;2.2;
131 ;0:30.40 ;786 ;0 ;1.044 ;35.9 ;0.0 ;0.900 ;0 ;2.94 ;7.0 ;0 ;7 ;1.8;
131 ;0:30.50 ;716 ;0 ;1.034 ;36.1 ;0.0 ;0.900 ;0 ;2.94 ;7.0 ;0 ;7 ;3.1;
131 ;0:30.60 ;1155 ;0 ;1.048 ;40.0 ;0.0 ;0.900 ;0 ;2.94 ;7.0 ;0 ;7 ;3.5;
131 ;0:30.70 ;1345 ;0 ;1.059 ;39.5 ;0.0 ;0.900 ;0 ;2.94 ;7.0 ;0 ;7 ;5.7;
131 ;0:30.80 ;2313 ;0 ;1.062 ;41.4 ;0.0 ;0.900 ;0 ;2.78 ;7.2 ;0 ;6 ;5.6;
131 ;0:30.90 ;2841 ;0 ;1.085 ;45.4 ;0.0 ;0.900 ;0 ;2.50 ;9.3 ;0 ;6 ;8.0;
131 ;0:31.00 ;3925 ;0 ;1.059 ;47.9 ;0.0 ;0.900 ;0 ;2.63 ;10.9 ;0 ;8 ;7.9;
131 ;0:31.10 ;4163 ;0 ;1.017 ;50.6 ;0.0 ;0.900 ;0 ;2.65 ;11.6 ;0 ;9 ;10.4;
131 ;0:31.20 ;5384 ;0 ;0.919 ;54.3 ;0.0 ;0.900 ;0 ;2.65 ;17.2 ;0 ;12 ;11.4;
131 ;0:31.30 ;6194 ;0 ;0.807 ;53.5 ;0.0 ;0.900 ;0 ;2.65 ;21.9 ;0 ;13 ;11.0;
131 ;0:31.40 ;6490 ;0 ;0.764 ;55.7 ;0.0 ;0.900 ;0 ;2.65 ;24.9 ;0 ;14 ;15.4;
131 ;0:31.50 ;6993 ;6 ;0.728 ;56.8 ;0.0 ;0.900 ;0 ;3.36 ;45.4 ;0 ;19 ;17.1;
131 ;0:31.60 ;7214 ;12 ;0.715 ;57.9 ;0.0 ;0.900 ;0 ;3.64 ;56.8 ;0 ;21 ;19.1;
131 ;0:31.70 ;7214 ;15 ;0.688 ;58.4 ;0.0 ;0.900 ;0 ;4.07 ;55.6 ;0 ;24 ;20.0;
131 ;0:31.80 ;7121 ;17 ;0.694 ;58.5 ;0.0 ;0.900 ;0 ;4.35 ;53.9 ;0 ;26 ;24.4;
131 ;0:31.90 ;7161 ;29 ;0.688 ;57.9 ;0.0 ;0.900 ;0 ;5.22 ;49.7 ;0 ;31 ;25.5;
131 ;0:32.00 ;7096 ;34 ;0.694 ;57.1 ;0.0 ;0.900 ;0 ;5.43 ;46.3 ;0 ;32 ;25.8;
131 ;0:32.10 ;6998 ;35 ;0.688 ;56.4 ;0.0 ;0.900 ;0 ;5.43 ;45.0 ;0 ;31 ;25.2;
131 ;0:32.20 ;6885 ;35 ;0.691 ;55.5 ;0.0 ;0.900 ;0 ;5.49 ;43.9 ;0 ;31 ;26.0;
131 ;0:32.30 ;6734 ;35 ;0.707 ;54.4 ;0.0 ;0.900 ;0 ;5.57 ;42.4 ;0 ;31 ;25.5;
131 ;0:32.40 ;6727 ;34 ;0.724 ;54.4 ;0.0 ;0.900 ;0 ;5.54 ;42.4 ;0 ;31 ;28.3;
131 ;0:32.50 ;6542 ;34 ;0.748 ;58.7 ;0.0 ;0.900 ;0 ;5.63 ;40.7 ;0 ;31 ;25.1;
131 ;0:32.60 ;6231 ;35 ;0.777 ;52.2 ;0.0 ;0.900 ;0 ;5.85 ;37.3 ;0 ;30 ;27.1;
131 ;0:32.70 ;6277 ;34 ;0.824 ;53.0 ;0.0 ;0.900 ;0 ;5.79 ;37.8 ;0 ;29 ;28.4;
131 ;0:32.80 ;6978 ;34 ;1.027 ;48.9 ;0.0 ;0.900 ;0 ;5.41 ;44.9 ;0 ;31 ;29.8;
131 ;0:32.90 ;7203 ;33 ;0.702 ;49.7 ;0.0 ;0.900 ;0 ;5.44 ;47.6 ;0 ;32 ;31.3;
131 ;0:33.00 ;7584 ;32 ;0.702 ;48.8 ;0.0 ;0.900 ;0 ;5.55 ;52.5 ;1 ;35 ;39.2;
131 ;0:33.10 ;8340 ;34 ;0.709 ;47.9 ;0.0 ;0.900 ;0 ;5.76 ;53.1 ;0 ;40 ;40.3;
131 ;0:33.20 ;8628 ;36 ;0.733 ;47.6 ;0.0 ;0.900 ;0 ;5.80 ;49.1 ;0 ;42 ;43.3;
131 ;0:33.30 ;8374 ;42 ;0.875 ;46.1 ;0.0 ;0.900 ;0 ;6.01 ;50.7 ;0 ;42 ;44.1;
131 ;0:33.40 ;8612 ;44 ;0.930 ;43.7 ;0.0 ;0.900 ;0 ;6.09 ;47.6 ;0 ;44 ;42.2;
131 ;0:33.50 ;7898 ;43 ;0.687 ;43.8 ;0.0 ;0.900 ;0 ;5.96 ;52.8 ;1 ;40 ;45.8;
131 ;0:33.60 ;8480 ;43 ;0.709 ;42.5 ;0.0 ;0.900 ;0 ;6.04 ;49.5 ;0 ;43 ;44.4;
131 ;0:33.70 ;8106 ;43 ;0.700 ;41.8 ;0.0 ;0.900 ;0 ;6.00 ;52.9 ;0 ;41 ;46.0;
131 ;0:33.80 ;7763 ;42 ;0.696 ;38.6 ;0.0 ;0.900 ;0 ;5.90 ;52.1 ;0 ;38 ;43.8;
131 ;0:33.90 ;7428 ;42 ;0.675 ;37.4 ;0.0 ;0.900 ;0 ;5.78 ;48.7 ;0 ;36 ;43.8;
131 ;0:34.00 ;6975 ;42 ;0.682 ;34.0 ;0.0 ;0.900 ;0 ;5.64 ;44.2 ;0 ;33 ;45.1;
131 ;0:34.10 ;6941 ;39 ;0.682 ;32.3 ;0.0 ;0.900 ;0 ;5.58 ;44.3 ;0 ;32 ;41.6;
131 ;0:34.20 ;6386 ;31 ;0.684 ;32.4 ;0.0 ;0.900 ;0 ;5.61 ;39.7 ;0 ;30 ;43.6;
131 ;0:34.30 ;6262 ;30 ;0.704 ;31.7 ;0.0 ;0.900 ;0 ;5.63 ;38.5 ;0 ;29 ;41.8;
131 ;0:34.40 ;6300 ;30 ;0.721 ;31.1 ;0.0 ;0.900 ;0 ;5.60 ;39.0 ;0 ;29 ;43.0;
131 ;0:34.50 ;5944 ;30 ;0.779 ;30.0 ;0.0 ;0.900 ;0 ;5.80 ;35.3 ;0 ;29 ;43.4;
131 ;0:34.60 ;6216 ;30 ;0.824 ;30.6 ;0.0 ;0.900 ;0 ;5.66 ;38.0 ;0 ;29 ;44.5;
131 ;0:34.70 ;5939 ;30 ;0.912 ;29.2 ;0.0 ;0.900 ;0 ;5.80 ;35.3 ;0 ;29 ;46.2;
131 ;0:34.80 ;5866 ;30 ;0.841 ;27.9 ;0.0 ;0.900 ;0 ;5.83 ;35.3 ;0 ;28 ;45.7;
131 ;0:34.90 ;5504 ;29 ;0.766 ;26.9 ;0.0 ;0.900 ;0 ;5.90 ;35.0 ;0 ;27 ;40.6;
131 ;0:35.00 ;4772 ;24 ;0.740 ;25.8 ;0.0 ;0.900 ;0 ;5.77 ;33.6 ;0 ;23 ;36.4;
131 ;0:35.10 ;4507 ;17 ;0.741 ;25.0 ;0.0 ;0.900 ;0 ;5.12 ;33.9 ;0 ;19 ;27.1;
131 ;0:35.20 ;4465 ;11 ;0.754 ;24.4 ;0.0 ;0.900 ;0 ;4.19 ;32.5 ;0 ;15 ;27.0;
131 ;0:35.30 ;4349 ;8 ;0.750 ;25.1 ;0.0 ;0.900 ;0 ;4.18 ;28.4 ;0 ;15 ;25.6;
131 ;0:35.40 ;4318 ;7 ;0.755 ;25.3 ;0.0 ;0.900 ;0 ;4.03 ;27.2 ;0 ;14 ;26.4;
131 ;0:35.50 ;4301 ;7 ;0.756 ;25.1 ;0.0 ;0.900 ;0 ;4.03 ;27.1 ;0 ;14 ;25.2;
131 ;0:35.60 ;4354 ;6 ;0.755 ;25.3 ;0.0 ;0.900 ;0 ;3.89 ;26.6 ;0 ;14 ;24.7;
131 ;0:35.70 ;4304 ;6 ;0.766 ;25.5 ;0.0 ;0.900 ;0 ;3.89 ;26.2 ;0 ;13 ;25.4;
131 ;0:35.80 ;4314 ;6 ;0.756 ;24.9 ;0.0 ;0.900 ;0 ;3.89 ;26.3 ;0 ;14 ;25.5;
131 ;0:35.90 ;4303 ;6 ;0.752 ;24.7 ;0.0 ;0.900 ;0 ;3.89 ;26.2 ;0 ;14 ;26.1;
131 ;0:36.00 ;4268 ;6 ;0.761 ;24.7 ;0.0 ;0.900 ;0 ;3.89 ;25.8 ;0 ;13 ;24.8;
131 ;0:36.10 ;4248 ;6 ;0.756 ;24.9 ;0.0 ;0.900 ;0 ;3.89 ;25.5 ;0 ;13 ;25.2;
131 ;0:36.20 ;4255 ;6 ;0.749 ;24.8 ;0.0 ;0.900 ;0 ;3.89 ;25.7 ;0 ;13 ;24.8;
131 ;0:36.30 ;4253 ;6 ;0.742 ;24.9 ;0.0 ;0.900 ;0 ;3.89 ;25.7 ;0 ;13 ;24.2;
131 ;0:36.40 ;4147 ;6 ;0.757 ;25.4 ;0.0 ;0.900 ;0 ;3.89 ;24.7 ;0 ;13 ;26.0;
131 ;0:36.50 ;4219 ;6 ;0.772 ;23.8 ;0.0 ;0.900 ;0 ;3.89 ;25.4 ;0 ;13 ;26.7;
131 ;0:36.60 ;4420 ;5 ;0.785 ;24.3 ;0.0 ;0.900 ;0 ;3.75 ;26.2 ;0 ;13 ;23.4;
131 ;0:36.70 ;4327 ;5 ;0.792 ;23.8 ;0.0 ;0.900 ;0 ;3.75 ;25.5 ;0 ;13 ;23.7;
131 ;0:36.80 ;4363 ;5 ;0.822 ;26.1 ;0.0 ;0.900 ;0 ;3.75 ;25.8 ;0 ;13 ;19.2;
131 ;0:36.90 ;4358 ;2 ;0.819 ;24.6 ;0.0 ;0.900 ;0 ;3.13 ;18.6 ;0 ;11 ;17.5;
131 ;0:37.00 ;4585 ;0 ;0.835 ;25.7 ;0.0 ;0.900 ;0 ;2.65 ;13.3 ;0 ;10 ;19.5;
131 ;0:37.10 ;4778 ;0 ;0.843 ;24.6 ;0.0 ;0.900 ;0 ;2.65 ;14.1 ;0 ;10 ;18.2;
131 ;0:37.20 ;4661 ;0 ;0.853 ;24.5 ;0.0 ;0.900 ;0 ;2.65 ;13.6 ;0 ;10 ;20.0;
131 ;0:37.30 ;4936 ;0 ;0.835 ;24.5 ;0.0 ;0.900 ;0 ;2.65 ;14.7 ;0 ;11 ;19.5;
131 ;0:37.40 ;4980 ;0 ;0.854 ;24.6 ;0.0 ;0.900 ;0 ;2.65 ;14.9 ;0 ;11 ;19.2;
131 ;0:37.50 ;5025 ;0 ;0.858 ;26.0 ;0.0 ;0.900 ;0 ;2.65 ;15.1 ;0 ;11 ;20.3;
131 ;0:37.60 ;5314 ;0 ;0.835 ;26.1 ;0.0 ;0.900 ;0 ;2.65 ;16.5 ;0 ;11 ;19.3;
131 ;0:37.70 ;5131 ;0 ;0.814 ;27.2 ;0.0 ;0.900 ;0 ;2.65 ;15.6 ;0 ;11 ;19.0;
131 ;0:37.80 ;5357 ;0 ;0.825 ;27.8 ;0.0 ;0.900 ;0 ;2.65 ;16.7 ;0 ;11 ;21.1;
131 ;0:37.90 ;5742 ;0 ;0.832 ;27.0 ;0.0 ;0.900 ;0 ;2.65 ;18.7 ;0 ;12 ;18.1;
131 ;0:38.00 ;5351 ;0 ;0.856 ;27.8 ;0.0 ;0.900 ;0 ;2.65 ;16.7 ;0 ;11 ;14.9;
131 ;0:38.10 ;4390 ;0 ;0.803 ;29.4 ;0.0 ;0.900 ;0 ;2.65 ;12.5 ;0 ;9 ;14.5;
131 ;0:38.20 ;4542 ;0 ;0.780 ;30.9 ;0.0 ;0.900 ;0 ;2.65 ;13.2 ;0 ;10 ;14.5;
131 ;0:38.30 ;4923 ;0 ;0.812 ;33.7 ;0.0 ;0.900 ;0 ;2.65 ;14.6 ;0 ;11 ;13.4;
131 ;0:38.40 ;4853 ;0 ;0.849 ;34.4 ;0.0 ;0.900 ;0 ;2.65 ;14.4 ;0 ;10 ;12.0;
131 ;0:38.50 ;4520 ;0 ;0.853 ;37.5 ;0.0 ;0.900 ;0 ;2.65 ;13.0 ;0 ;10 ;11.7;
131 ;0:38.60 ;4353 ;0 ;0.963 ;37.3 ;0.0 ;0.900 ;0 ;2.65 ;12.4 ;0 ;9 ;10.4;
131 ;0:38.70 ;4094 ;0 ;0.984 ;39.8 ;0.0 ;0.900 ;0 ;2.65 ;11.3 ;0 ;9 ;10.2;
131 ;0:38.80 ;4296 ;0 ;0.975 ;40.7 ;0.0 ;0.900 ;0 ;2.65 ;12.1 ;0 ;9 ;10.3;
131 ;0:38.90 ;4472 ;0 ;0.969 ;43.3 ;0.0 ;0.900 ;0 ;2.65 ;12.8 ;0 ;9 ;9.9;
131 ;0:39.00 ;4746 ;0 ;1.039 ;48.1 ;0.0 ;0.900 ;0 ;2.65 ;13.9 ;0 ;10 ;10.6;
131 ;0:39.10 ;5113 ;0 ;1.044 ;52.1 ;0.0 ;0.900 ;0 ;2.65 ;15.5 ;0 ;11 ;10.5;
131 ;0:39.20 ;5400 ;0 ;1.013 ;51.4 ;0.0 ;0.900 ;0 ;2.65 ;17.0 ;0 ;12 ;10.5;
131 ;0:39.30 ;5608 ;0 ;0.992 ;53.3 ;0.0 ;0.900 ;0 ;2.65 ;18.0 ;0 ;12 ;10.5;
131 ;0:39.40 ;5746 ;0 ;0.951 ;56.3 ;0.0 ;0.900 ;0 ;2.65 ;18.7 ;0 ;12 ;10.3;
131 ;0:39.50 ;5742 ;0 ;0.808 ;56.4 ;0.0 ;0.900 ;0 ;2.65 ;18.7 ;0 ;12 ;9.3;
131 ;0:39.60 ;5519 ;0 ;0.731 ;56.4 ;0.0 ;0.900 ;0 ;2.65 ;17.5 ;0 ;12 ;9.7;
131 ;0:39.70 ;5950 ;0 ;0.710 ;57.0 ;0.0 ;0.900 ;0 ;2.65 ;19.7 ;0 ;13 ;13.6;
131 ;0:39.80 ;6223 ;9 ;0.726 ;59.5 ;0.0 ;0.900 ;0 ;3.56 ;52.3 ;0 ;18 ;22.7;
131 ;0:39.90 ;6279 ;30 ;0.839 ;59.2 ;0.0 ;0.900 ;0 ;5.62 ;38.8 ;0 ;29 ;22.9;
131 ;0:40.00 ;6264 ;34 ;0.824 ;56.9 ;0.0 ;0.900 ;0 ;5.79 ;37.6 ;0 ;30 ;23.5;
131 ;0:40.10 ;6231 ;38 ;0.772 ;55.9 ;0.0 ;0.900 ;0 ;5.96 ;37.2 ;0 ;31 ;24.9;
131 ;0:40.20 ;5977 ;40 ;1.125 ;56.4 ;0.0 ;0.900 ;0 ;6.19 ;34.8 ;0 ;31 ;27.9;
131 ;0:40.30 ;6722 ;41 ;0.900 ;53.0 ;0.0 ;0.900 ;0 ;5.78 ;42.0 ;0 ;32 ;25.4;
131 ;0:40.40 ;5926 ;38 ;0.786 ;54.6 ;0.0 ;0.900 ;0 ;6.12 ;34.9 ;1 ;31 ;26.4;
131 ;0:40.50 ;6578 ;38 ;0.785 ;52.3 ;0.0 ;0.900 ;0 ;5.76 ;40.7 ;0 ;31 ;26.4;
131 ;0:40.60 ;6710 ;38 ;0.777 ;51.6 ;0.0 ;0.900 ;0 ;5.68 ;42.1 ;0 ;31 ;27.7;
131 ;0:40.70 ;6334 ;38 ;0.769 ;52.1 ;0.0 ;0.900 ;0 ;5.90 ;38.3 ;0 ;31 ;34.0;
131 ;0:40.80 ;7476 ;41 ;0.901 ;50.8 ;0.0 ;0.900 ;0 ;5.79 ;49.6 ;0 ;35 ;41.0;
131 ;0:40.90 ;8534 ;44 ;0.740 ;47.3 ;0.0 ;0.900 ;0 ;6.07 ;48.8 ;0 ;44 ;48.5;
131 ;0:41.00 ;9585 ;46 ;0.751 ;47.0 ;0.0 ;0.900 ;0 ;6.53 ;43.6 ;1 ;53 ;51.6;
131 ;0:41.10 ;9333 ;46 ;0.773 ;44.4 ;0.0 ;0.900 ;0 ;6.39 ;44.2 ;0 ;50 ;46.8;
131 ;0:41.20 ;8604 ;49 ;1.112 ;44.5 ;0.0 ;0.900 ;0 ;6.17 ;48.4 ;0 ;43 ;41.1;
131 ;0:41.30 ;7841 ;49 ;0.698 ;43.0 ;0.0 ;0.900 ;0 ;6.00 ;41.8 ;0 ;39 ;47.4;
131 ;0:41.40 ;8468 ;49 ;0.700 ;42.3 ;0.0 ;0.900 ;0 ;6.17 ;48.4 ;0 ;44 ;46.9;
131 ;0:41.50 ;8005 ;50 ;0.715 ;39.4 ;0.0 ;0.900 ;0 ;6.08 ;50.0 ;0 ;41 ;48.3;
131 ;0:41.60 ;7612 ;50 ;0.702 ;36.0 ;0.0 ;0.900 ;0 ;5.95 ;46.9 ;0 ;38 ;43.4;
131 ;0:41.70 ;7009 ;49 ;0.719 ;35.0 ;0.0 ;0.900 ;0 ;5.74 ;42.4 ;0 ;33 ;47.0;
131 ;0:41.80 ;7083 ;49 ;0.762 ;32.7 ;0.0 ;0.900 ;0 ;5.74 ;42.6 ;0 ;33 ;45.4;
131 ;0:41.90 ;6204 ;42 ;0.817 ;31.7 ;0.0 ;0.900 ;0 ;6.11 ;36.7 ;0 ;31 ;44.4;
131 ;0:42.00 ;6181 ;39 ;0.892 ;29.5 ;0.0 ;0.900 ;0 ;6.03 ;36.7 ;0 ;31 ;48.0;
131 ;0:42.10 ;5927 ;38 ;0.931 ;28.9 ;0.0 ;0.900 ;0 ;6.12 ;34.9 ;0 ;30 ;46.1;
131 ;0:42.20 ;5613 ;35 ;0.727 ;26.2 ;0.0 ;0.900 ;0 ;6.11 ;34.9 ;0 ;28 ;44.9;
131 ;0:42.30 ;5212 ;32 ;0.720 ;26.1 ;0.0 ;0.900 ;0 ;6.13 ;34.9 ;0 ;26 ;40.7;
131 ;0:42.40 ;4919 ;23 ;0.731 ;26.1 ;0.0 ;0.900 ;0 ;5.72 ;34.6 ;0 ;23 ;29.5;
131 ;0:42.50 ;4645 ;14 ;0.728 ;26.4 ;0.0 ;0.900 ;0 ;4.44 ;35.9 ;0 ;17 ;27.1;
131 ;0:42.60 ;4663 ;11 ;0.730 ;27.3 ;0.0 ;0.900 ;0 ;4.19 ;34.4 ;0 ;16 ;27.9;
131 ;0:42.70 ;4518 ;10 ;0.742 ;25.8 ;0.0 ;0.900 ;0 ;4.18 ;32.0 ;0 ;15 ;26.4;
131 ;0:42.80 ;4541 ;9 ;0.744 ;27.2 ;0.0 ;0.900 ;0 ;4.18 ;31.4 ;0 ;15 ;28.2;
131 ;0:42.90 ;4608 ;8 ;0.745 ;25.8 ;0.0 ;0.900 ;0 ;4.18 ;31.0 ;0 ;16 ;27.3;
131 ;0:43.00 ;4473 ;8 ;0.755 ;25.6 ;0.0 ;0.900 ;0 ;4.18 ;29.7 ;0 ;15 ;27.6;
131 ;0:43.10 ;4414 ;8 ;0.773 ;25.3 ;0.0 ;0.900 ;0 ;4.18 ;29.1 ;0 ;15 ;26.8;
131 ;0:43.20 ;4406 ;8 ;0.805 ;25.9 ;0.0 ;0.900 ;0 ;4.18 ;29.0 ;0 ;15 ;27.2;
131 ;0:43.30 ;4288 ;8 ;0.821 ;24.6 ;0.0 ;0.900 ;0 ;4.18 ;27.8 ;0 ;14 ;27.8;
131 ;0:43.40 ;4219 ;8 ;0.828 ;24.3 ;0.0 ;0.900 ;0 ;4.18 ;27.1 ;0 ;14 ;27.9;
131 ;0:43.50 ;4184 ;8 ;0.837 ;23.6 ;0.0 ;0.900 ;0 ;4.18 ;26.8 ;0 ;14 ;27.3;
131 ;0:43.60 ;3950 ;8 ;0.820 ;22.7 ;0.0 ;0.900 ;0 ;4.18 ;24.8 ;0 ;13 ;27.5;
131 ;0:43.70 ;3985 ;8 ;0.829 ;22.9 ;0.0 ;0.900 ;0 ;4.18 ;24.9 ;0 ;14 ;28.1;
131 ;0:43.80 ;3952 ;7 ;0.821 ;22.5 ;0.0 ;0.900 ;0 ;4.03 ;24.0 ;0 ;13 ;26.3;
131 ;0:43.90 ;3854 ;7 ;0.822 ;22.0 ;0.0 ;0.900 ;0 ;4.03 ;23.5 ;0 ;13 ;28.2;
131 ;0:44.00 ;4021 ;6 ;0.821 ;20.9 ;0.0 ;0.900 ;0 ;3.89 ;23.3 ;0 ;12 ;22.9;
131 ;0:44.10 ;3699 ;4 ;0.816 ;20.8 ;0.0 ;0.900 ;0 ;3.61 ;19.8 ;0 ;11 ;17.7;
131 ;0:44.20 ;3650 ;1 ;0.813 ;22.0 ;0.0 ;0.900 ;0 ;2.83 ;12.8 ;0 ;8 ;16.6;
131 ;0:44.30 ;3717 ;0 ;0.831 ;22.7 ;0.0 ;0.900 ;0 ;2.59 ;10.7 ;0 ;8 ;17.2;
131 ;0:44.40 ;3816 ;0 ;0.838 ;21.5 ;0.0 ;0.900 ;0 ;2.61 ;10.8 ;0 ;8 ;16.6;
131 ;0:44.50 ;3845 ;0 ;0.814 ;23.1 ;0.0 ;0.900 ;0 ;2.62 ;10.8 ;0 ;8 ;16.8;
131 ;0:44.60 ;3926 ;0 ;0.803 ;23.9 ;0.0 ;0.900 ;0 ;2.63 ;10.9 ;0 ;8 ;16.1;
131 ;0:44.70 ;4077 ;0 ;0.803 ;24.4 ;0.0 ;0.900 ;0 ;2.65 ;11.3 ;0 ;9 ;16.8;
131 ;0:44.80 ;4175 ;0 ;0.818 ;24.4 ;0.0 ;0.900 ;0 ;2.65 ;11.7 ;0 ;9 ;17.4;
131 ;0:44.90 ;4255 ;0 ;0.838 ;24.2 ;0.0 ;0.900 ;0 ;2.65 ;12.0 ;0 ;9 ;18.1;
131 ;0:45.00 ;4400 ;0 ;0.852 ;24.2 ;0.0 ;0.900 ;0 ;2.65 ;12.6 ;0 ;9 ;17.8;
131 ;0:45.10 ;4660 ;0 ;0.890 ;23.8 ;0.0 ;0.900 ;0 ;2.65 ;13.6 ;0 ;10 ;19.5;
131 ;0:45.20 ;4781 ;0 ;0.858 ;24.2 ;0.0 ;0.900 ;0 ;2.65 ;14.1 ;0 ;10 ;18.2;
131 ;0:45.30 ;4659 ;0 ;0.847 ;25.2 ;0.0 ;0.900 ;0 ;2.65 ;13.6 ;0 ;10 ;20.5;
131 ;0:45.40 ;5059 ;0 ;0.836 ;24.3 ;0.0 ;0.900 ;0 ;2.65 ;15.2 ;0 ;11 ;20.9;
131 ;0:45.50 ;5453 ;0 ;0.845 ;26.3 ;0.0 ;0.900 ;0 ;2.65 ;17.2 ;0 ;12 ;19.0;
131 ;0:45.60 ;5132 ;0 ;0.810 ;26.8 ;0.0 ;0.900 ;0 ;2.65 ;15.6 ;0 ;11 ;20.0;
131 ;0:45.70 ;5540 ;0 ;0.781 ;27.3 ;0.0 ;0.900 ;0 ;2.65 ;17.7 ;0 ;12 ;20.7;
131 ;0:45.80 ;5916 ;0 ;0.877 ;28.4 ;0.0 ;0.900 ;0 ;2.65 ;19.5 ;0 ;13 ;20.4;
131 ;0:45.90 ;5967 ;0 ;0.866 ;28.1 ;0.0 ;0.900 ;0 ;2.65 ;19.8 ;0 ;13 ;16.7;
131 ;0:46.00 ;4898 ;0 ;0.859 ;32.0 ;0.0 ;0.900 ;0 ;2.65 ;14.5 ;0 ;10 ;12.3;
131 ;0:46.10 ;4013 ;0 ;0.827 ;32.2 ;0.0 ;0.900 ;0 ;2.65 ;11.0 ;0 ;8 ;8.6;
131 ;0:46.20 ;3066 ;0 ;0.822 ;33.9 ;0.0 ;0.900 ;0 ;2.48 ;10.0 ;0 ;6 ;8.1;
131 ;0:46.30 ;3106 ;0 ;0.874 ;35.7 ;0.0 ;0.900 ;0 ;2.48 ;10.1 ;0 ;6 ;7.5;
131 ;0:46.40 ;3101 ;0 ;0.942 ;38.6 ;0.0 ;0.900 ;0 ;2.48 ;10.1 ;0 ;6 ;7.4;
131 ;0:46.50 ;3151 ;0 ;0.985 ;38.8 ;0.0 ;0.900 ;0 ;2.49 ;10.1 ;0 ;6 ;6.5;
131 ;0:46.60 ;2822 ;0 ;1.012 ;39.9 ;0.0 ;0.900 ;0 ;2.51 ;9.2 ;0 ;6 ;6.7;
131 ;0:46.70 ;3138 ;0 ;1.068 ;42.7 ;0.0 ;0.900 ;0 ;2.49 ;10.1 ;0 ;6 ;7.0;
131 ;0:46.80 ;3326 ;0 ;1.063 ;42.7 ;0.0 ;0.900 ;0 ;2.52 ;10.3 ;0 ;7 ;9.1;
131 ;0:46.90 ;4138 ;0 ;1.063 ;45.0 ;0.0 ;0.900 ;0 ;2.65 ;11.5 ;0 ;9 ;9.2;
131 ;0:47.00 ;4261 ;0 ;1.055 ;49.9 ;0.0 ;0.900 ;0 ;2.65 ;12.0 ;0 ;9 ;11.0;
131 ;0:47.10 ;5552 ;0 ;1.071 ;49.6 ;0.0 ;0.900 ;0 ;2.65 ;17.7 ;0 ;12 ;11.3;
131 ;0:47.20 ;5912 ;0 ;1.070 ;52.5 ;0.0 ;0.900 ;0 ;2.65 ;19.5 ;0 ;13 ;12.1;
131 ;0:47.30 ;6392 ;0 ;1.024 ;55.7 ;0.0 ;0.900 ;0 ;2.65 ;23.9 ;0 ;14 ;12.2;
131 ;0:47.40 ;6756 ;0 ;0.915 ;55.5 ;0.0 ;0.900 ;0 ;2.65 ;27.5 ;0 ;15 ;11.8;
131 ;0:47.50 ;6815 ;0 ;0.852 ;56.3 ;0.0 ;0.900 ;0 ;2.65 ;28.1 ;0 ;15 ;11.1;
131 ;0:47.60 ;6449 ;0 ;0.747 ;58.2 ;0.0 ;0.900 ;0 ;2.65 ;24.4 ;0 ;14 ;11.7;
131 ;0:47.70 ;6947 ;1 ;0.692 ;57.1 ;0.0 ;0.900 ;0 ;2.89 ;30.8 ;0 ;17 ;15.7;
131 ;0:47.80 ;7027 ;11 ;0.694 ;57.4 ;0.0 ;0.900 ;0 ;3.45 ;56.1 ;0 ;20 ;24.7;
131 ;0:47.90 ;7080 ;30 ;0.687 ;58.6 ;0.0 ;0.900 ;0 ;5.24 ;48.5 ;0 ;31 ;26.6;
131 ;0:48.00 ;6996 ;45 ;0.675 ;56.0 ;0.0 ;0.900 ;0 ;5.68 ;43.5 ;0 ;33 ;28.0;
131 ;0:48.10 ;6970 ;53 ;0.663 ;56.3 ;0.0 ;0.900 ;0 ;5.80 ;41.4 ;0 ;33 ;26.9;
131 ;0:48.20 ;6805 ;57 ;0.675 ;53.3 ;0.0 ;0.900 ;0 ;5.94 ;39.6 ;0 ;34 ;28.4;
131 ;0:48.30 ;6595 ;63 ;0.687 ;53.4 ;0.0 ;0.900 ;0 ;6.08 ;37.7 ;0 ;33 ;28.3;
131 ;0:48.40 ;6510 ;65 ;0.709 ;54.5 ;0.0 ;0.900 ;0 ;6.15 ;36.6 ;0 ;33 ;29.1;
131 ;0:48.50 ;6646 ;65 ;0.711 ;51.9 ;0.0 ;0.900 ;0 ;6.06 ;37.9 ;0 ;34 ;28.3;
131 ;0:48.60 ;6343 ;65 ;0.783 ;51.0 ;0.0 ;0.900 ;0 ;6.24 ;35.6 ;0 ;33 ;30.2;
131 ;0:48.70 ;6119 ;65 ;0.848 ;48.6 ;0.0 ;0.900 ;0 ;6.37 ;33.9 ;0 ;32 ;29.5;
131 ;0:48.80 ;5890 ;65 ;0.824 ;50.4 ;0.0 ;0.900 ;0 ;6.46 ;33.3 ;0 ;32 ;30.9;
131 ;0:48.90 ;5755 ;65 ;0.798 ;47.1 ;0.0 ;0.900 ;0 ;6.50 ;33.5 ;0 ;31 ;31.5;
131 ;0:49.00 ;5583 ;65 ;0.855 ;44.0 ;0.0 ;0.900 ;0 ;6.54 ;33.9 ;0 ;30 ;30.4;
131 ;0:49.10 ;5411 ;65 ;0.866 ;45.7 ;0.0 ;0.900 ;0 ;6.59 ;34.2 ;0 ;29 ;31.1;
131 ;0:49.20 ;5131 ;65 ;0.865 ;41.8 ;0.0 ;0.900 ;0 ;6.66 ;34.7 ;0 ;28 ;31.9;
131 ;0:49.30 ;4973 ;65 ;0.902 ;39.4 ;0.0 ;0.900 ;0 ;6.67 ;34.7 ;0 ;27 ;31.2;
131 ;0:49.40 ;4791 ;65 ;0.922 ;40.0 ;0.0 ;0.900 ;0 ;6.59 ;33.8 ;0 ;26 ;30.4;
131 ;0:49.50 ;4587 ;65 ;0.959 ;37.1 ;0.0 ;0.900 ;0 ;6.50 ;32.9 ;0 ;24 ;30.4;
131 ;0:49.60 ;4437 ;65 ;0.984 ;35.4 ;0.0 ;0.900 ;0 ;6.44 ;32.1 ;0 ;23 ;28.9;
131 ;0:49.70 ;4256 ;65 ;0.960 ;35.9 ;0.0 ;0.900 ;0 ;6.36 ;31.2 ;0 ;22 ;28.6;
131 ;0:49.80 ;4086 ;65 ;0.899 ;34.0 ;0.0 ;0.900 ;0 ;6.28 ;30.2 ;0 ;21 ;29.0;
131 ;0:49.90 ;3985 ;64 ;0.853 ;33.0 ;0.0 ;0.900 ;0 ;6.26 ;30.0 ;0 ;20 ;27.9;
131 ;0:50.00 ;3708 ;64 ;0.854 ;30.4 ;0.0 ;0.900 ;0 ;6.26 ;30.0 ;0 ;19 ;27.8;
131 ;0:50.10 ;3587 ;62 ;0.816 ;28.8 ;0.0 ;0.900 ;0 ;6.26 ;30.0 ;0 ;18 ;28.3;
131 ;0:50.20 ;3539 ;58 ;0.786 ;29.4 ;0.0 ;0.900 ;0 ;6.25 ;30.0 ;0 ;18 ;26.5;
131 ;0:50.30 ;3229 ;47 ;0.776 ;28.3 ;0.0 ;0.900 ;0 ;6.22 ;30.0 ;0 ;16 ;27.1;
131 ;0:50.40 ;3251 ;37 ;0.788 ;27.9 ;0.0 ;0.900 ;0 ;6.09 ;30.0 ;0 ;16 ;24.4;
131 ;0:50.50 ;3132 ;26 ;0.794 ;27.8 ;0.0 ;0.900 ;0 ;5.78 ;30.0 ;0 ;15 ;22.9;
131 ;0:50.60 ;3134 ;23 ;0.816 ;28.8 ;0.0 ;0.900 ;0 ;5.63 ;30.0 ;0 ;14 ;22.8;
131 ;0:50.70 ;3023 ;22 ;0.822 ;27.9 ;0.0 ;0.900 ;0 ;5.57 ;30.0 ;0 ;14 ;24.1;
131 ;0:50.80 ;3141 ;22 ;0.861 ;27.3 ;0.0 ;0.900 ;0 ;5.57 ;30.0 ;0 ;15 ;23.5;
131 ;0:50.90 ;3053 ;21 ;0.886 ;26.8 ;0.0 ;0.900 ;0 ;5.51 ;30.0 ;0 ;14 ;25.0;
131 ;0:51.00 ;3150 ;19 ;0.903 ;26.0 ;0.0 ;0.900 ;0 ;5.39 ;30.0 ;0 ;14 ;24.0;
131 ;0:51.10 ;3004 ;19 ;0.923 ;24.7 ;0.0 ;0.900 ;0 ;5.39 ;30.0 ;0 ;13 ;21.9;
131 ;0:51.20 ;2680 ;18 ;0.919 ;24.6 ;0.0 ;0.900 ;0 ;5.33 ;30.0 ;0 ;13 ;20.1;
131 ;0:51.30 ;2508 ;18 ;0.906 ;24.1 ;0.0 ;0.900 ;0 ;5.33 ;30.0 ;0 ;13 ;19.7;
131 ;0:51.40 ;2494 ;16 ;0.886 ;24.4 ;0.0 ;0.900 ;0 ;4.87 ;30.0 ;0 ;12 ;18.1;
131 ;0:51.50 ;2486 ;14 ;0.894 ;23.7 ;0.0 ;0.900 ;0 ;4.41 ;30.0 ;0 ;11 ;15.2;
131 ;0:51.60 ;2427 ;11 ;0.901 ;24.2 ;0.0 ;0.900 ;0 ;4.18 ;26.0 ;0 ;10 ;16.0;
131 ;0:51.70 ;2435 ;10 ;0.903 ;23.0 ;0.0 ;0.900 ;0 ;4.18 ;24.0 ;0 ;10 ;15.9;
131 ;0:51.80 ;2384 ;9 ;0.901 ;22.6 ;0.0 ;0.900 ;0 ;4.18 ;22.0 ;0 ;10 ;14.8;
131 ;0:51.90 ;2266 ;9 ;0.897 ;23.6 ;0.0 ;0.900 ;0 ;4.18 ;22.0 ;0 ;10 ;15.5;
131 ;0:52.00 ;2298 ;8 ;0.907 ;23.1 ;0.0 ;0.900 ;0 ;4.18 ;20.0 ;0 ;10 ;15.5;
131 ;0:52.10 ;2327 ;8 ;0.919 ;23.4 ;0.0 ;0.900 ;0 ;4.18 ;20.0 ;0 ;10 ;16.2;
131 ;0:52.20 ;2351 ;8 ;0.902 ;22.5 ;0.0 ;0.900 ;0 ;4.18 ;20.0 ;0 ;10 ;15.1;
131 ;0:52.30 ;2331 ;7 ;0.906 ;22.5 ;0.0 ;0.900 ;0 ;4.03 ;18.0 ;0 ;10 ;14.5;
131 ;0:52.40 ;2555 ;5 ;0.907 ;24.7 ;0.0 ;0.900 ;0 ;3.75 ;14.2 ;0 ;9 ;11.0;
131 ;0:52.50 ;2390 ;1 ;0.916 ;23.5 ;0.0 ;0.900 ;0 ;2.92 ;8.6 ;0 ;7 ;10.7;
131 ;0:52.60 ;2198 ;1 ;0.878 ;23.3 ;0.0 ;0.900 ;0 ;3.08 ;8.0 ;0 ;7 ;11.1;
131 ;0:52.70 ;2304 ;1 ;0.862 ;23.4 ;0.0 ;0.900 ;0 ;2.99 ;8.4 ;0 ;7 ;12.0;
131 ;0:52.80 ;2749 ;1 ;0.873 ;24.1 ;0.0 ;0.900 ;0 ;2.79 ;10.0 ;0 ;6 ;10.8;
131 ;0:52.90 ;2637 ;0 ;0.866 ;23.0 ;0.0 ;0.900 ;0 ;2.54 ;8.5 ;0 ;6 ;10.4;
131 ;0:53.00 ;2394 ;0 ;0.863 ;22.3 ;0.0 ;0.900 ;0 ;2.69 ;7.5 ;0 ;6 ;10.8;
131 ;0:53.10 ;2439 ;0 ;0.834 ;22.2 ;0.0 ;0.900 ;0 ;2.63 ;7.7 ;0 ;6 ;11.3;
131 ;0:53.20 ;2641 ;0 ;0.836 ;22.1 ;0.0 ;0.900 ;0 ;2.54 ;8.5 ;0 ;6 ;12.0;
131 ;0:53.30 ;2869 ;0 ;0.851 ;22.5 ;0.0 ;0.900 ;0 ;2.50 ;9.4 ;0 ;6 ;11.6;
131 ;0:53.40 ;2857 ;0 ;0.866 ;23.1 ;0.0 ;0.900 ;0 ;2.50 ;9.4 ;0 ;6 ;11.4;
131 ;0:53.50 ;2866 ;0 ;0.850 ;23.4 ;0.0 ;0.900 ;0 ;2.50 ;9.4 ;0 ;6 ;10.3;
131 ;0:53.60 ;2840 ;0 ;0.815 ;25.2 ;0.0 ;0.900 ;0 ;2.50 ;9.3 ;0 ;6 ;8.5;
131 ;0:53.70 ;2670 ;0 ;0.783 ;28.4 ;0.0 ;0.900 ;0 ;2.53 ;8.6 ;0 ;6 ;9.2;
131 ;0:53.80 ;3020 ;0 ;0.771 ;31.9 ;0.0 ;0.900 ;0 ;2.47 ;10.0 ;0 ;6 ;9.9;
131 ;0:53.90 ;3454 ;0 ;0.773 ;33.4 ;0.0 ;0.900 ;0 ;2.55 ;10.4 ;0 ;7 ;10.4;
131 ;0:54.00 ;3935 ;0 ;0.830 ;37.7 ;0.0 ;0.900 ;0 ;2.63 ;10.9 ;0 ;8 ;10.5;
131 ;0:54.10 ;4141 ;0 ;0.876 ;37.9 ;0.0 ;0.900 ;0 ;2.65 ;11.5 ;0 ;9 ;11.3;
131 ;0:54.20 ;4185 ;0 ;0.980 ;38.2 ;0.0 ;0.900 ;0 ;2.65 ;11.7 ;0 ;9 ;8.4;
131 ;0:54.30 ;3557 ;0 ;1.047 ;37.9 ;0.0 ;0.900 ;0 ;2.57 ;10.5 ;0 ;7 ;8.9;
131 ;0:54.40 ;3721 ;0 ;1.080 ;38.9 ;0.0 ;0.900 ;0 ;2.59 ;10.7 ;0 ;8 ;9.5;
131 ;0:54.50 ;3774 ;0 ;1.072 ;40.2 ;0.0 ;0.900 ;0 ;2.60 ;10.7 ;0 ;8 ;9.2;
131 ;0:54.60 ;3854 ;0 ;1.055 ;42.2 ;0.0 ;0.900 ;0 ;2.62 ;10.8 ;0 ;8 ;8.6;
131 ;0:54.70 ;3987 ;0 ;1.036 ;43.0 ;0.0 ;0.900 ;0 ;2.64 ;10.9 ;0 ;8 ;9.0;
131 ;0:54.80 ;4172 ;0 ;1.023 ;45.0 ;0.0 ;0.900 ;0 ;2.65 ;11.6 ;0 ;9 ;8.6;
131 ;0:54.90 ;4447 ;0 ;0.993 ;46.8 ;0.0 ;0.900 ;0 ;2.65 ;12.7 ;0 ;9 ;9.3;
131 ;0:55.00 ;4851 ;0 ;0.989 ;51.1 ;0.0 ;0.900 ;0 ;2.65 ;14.4 ;0 ;10 ;9.4;
131 ;0:55.10 ;4976 ;0 ;1.014 ;53.5 ;0.0 ;0.900 ;0 ;2.65 ;14.9 ;0 ;11 ;9.4;
131 ;0:55.20 ;4957 ;0 ;0.950 ;54.9 ;0.0 ;0.900 ;0 ;2.65 ;14.8 ;0 ;11 ;8.7;
131 ;0:55.30 ;4955 ;0 ;0.761 ;53.4 ;0.0 ;0.900 ;0 ;2.65 ;14.8 ;0 ;11 ;9.2;
131 ;0:55.40 ;5052 ;0 ;0.726 ;56.8 ;0.0 ;0.900 ;0 ;2.65 ;15.2 ;0 ;11 ;9.0;
131 ;0:55.50 ;5268 ;0 ;0.759 ;59.3 ;0.0 ;0.900 ;0 ;2.65 ;16.3 ;0 ;11 ;19.4;
131 ;0:55.60 ;5506 ;22 ;0.813 ;59.7 ;0.0 ;0.900 ;0 ;5.53 ;36.6 ;0 ;25 ;22.4;
131 ;0:55.70 ;5425 ;38 ;0.846 ;56.9 ;0.0 ;0.900 ;0 ;6.27 ;34.7 ;0 ;28 ;21.3;
131 ;0:55.80 ;5238 ;41 ;0.806 ;56.4 ;0.0 ;0.900 ;0 ;6.42 ;34.3 ;0 ;28 ;23.1;
131 ;0:55.90 ;5206 ;43 ;1.033 ;56.8 ;0.0 ;0.900 ;0 ;6.46 ;34.3 ;0 ;28 ;24.8;
131 ;0:56.00 ;5417 ;49 ;1.269 ;55.2 ;0.0 ;0.900 ;0 ;6.48 ;34.4 ;0 ;29 ;23.5;
131 ;0:56.10 ;4965 ;49 ;0.916 ;54.1 ;0.0 ;0.900 ;0 ;6.58 ;34.7 ;0 ;27 ;25.9;
131 ;0:56.20 ;5680 ;49 ;0.888 ;52.8 ;0.0 ;0.900 ;0 ;6.41 ;34.1 ;1 ;30 ;24.6;
131 ;0:56.30 ;5381 ;49 ;0.861 ;53.5 ;0.0 ;0.900 ;0 ;6.49 ;34.4 ;0 ;29 ;25.8;
131 ;0:56.40 ;5316 ;49 ;1.126 ;52.1 ;0.0 ;0.900 ;0 ;6.51 ;34.4 ;0 ;29 ;26.4;
131 ;0:56.50 ;5803 ;49 ;1.393 ;50.4 ;0.0 ;0.900 ;0 ;6.37 ;33.9 ;0 ;31 ;26.2;
131 ;0:56.60 ;5047 ;47 ;1.044 ;50.3 ;0.0 ;0.900 ;0 ;6.56 ;34.7 ;0 ;27 ;28.3;
131 ;0:56.70 ;6013 ;46 ;1.069 ;47.3 ;0.0 ;0.900 ;0 ;6.28 ;34.2 ;0 ;31 ;29.0;
131 ;0:56.80 ;5756 ;46 ;1.092 ;47.7 ;0.0 ;0.900 ;0 ;6.35 ;34.2 ;0 ;30 ;28.4;
131 ;0:56.90 ;5552 ;46 ;1.096 ;45.4 ;0.0 ;0.900 ;0 ;6.40 ;34.4 ;0 ;29 ;30.2;
131 ;0:57.00 ;5674 ;46 ;1.212 ;44.7 ;0.0 ;0.900 ;0 ;6.37 ;34.3 ;0 ;30 ;30.3;
131 ;0:57.10 ;5346 ;47 ;0.942 ;43.2 ;0.0 ;0.900 ;0 ;6.48 ;34.4 ;0 ;29 ;34.8;
131 ;0:57.20 ;6618 ;47 ;0.755 ;43.6 ;0.0 ;0.900 ;0 ;5.93 ;39.5 ;1 ;33 ;38.6;
131 ;0:57.30 ;7275 ;47 ;0.748 ;41.6 ;0.0 ;0.900 ;0 ;5.79 ;45.4 ;0 ;35 ;38.9;
131 ;0:57.40 ;7148 ;47 ;0.786 ;39.8 ;0.0 ;0.900 ;0 ;5.75 ;44.3 ;0 ;34 ;41.1;
131 ;0:57.50 ;7078 ;48 ;1.194 ;39.0 ;0.0 ;0.900 ;0 ;5.74 ;43.4 ;0 ;33 ;43.0;
131 ;0:57.60 ;6371 ;48 ;0.697 ;34.4 ;0.0 ;0.900 ;0 ;6.09 ;37.1 ;0 ;32 ;45.1;
131 ;0:57.70 ;7167 ;48 ;0.717 ;36.9 ;0.0 ;0.900 ;0 ;5.77 ;44.1 ;0 ;34 ;47.7;
131 ;0:57.80 ;7102 ;47 ;0.741 ;32.7 ;0.0 ;0.900 ;0 ;5.74 ;43.9 ;0 ;34 ;42.1;
131 ;0:57.90 ;6368 ;44 ;0.783 ;32.4 ;0.0 ;0.900 ;0 ;6.04 ;37.8 ;0 ;32 ;47.0;
131 ;0:58.00 ;6208 ;41 ;0.783 ;30.6 ;0.0 ;0.900 ;0 ;6.10 ;36.8 ;0 ;31 ;47.2;
131 ;0:58.10 ;6065 ;39 ;0.706 ;28.9 ;0.0 ;0.900 ;0 ;6.11 ;35.5 ;0 ;31 ;45.0;
131 ;0:58.20 ;5613 ;29 ;0.699 ;28.0 ;0.0 ;0.900 ;0 ;5.87 ;35.1 ;0 ;27 ;36.0;
131 ;0:58.30 ;5530 ;17 ;0.703 ;29.1 ;0.0 ;0.900 ;0 ;5.03 ;40.8 ;0 ;23 ;33.5;
131 ;0:58.40 ;5597 ;15 ;0.719 ;29.1 ;0.0 ;0.900 ;0 ;4.55 ;45.5 ;0 ;21 ;31.5;
131 ;0:58.50 ;5647 ;14 ;0.728 ;29.2 ;0.0 ;0.900 ;0 ;4.30 ;48.4 ;0 ;20 ;31.9;
131 ;0:58.60 ;5590 ;14 ;0.720 ;28.5 ;0.0 ;0.900 ;0 ;4.32 ;47.6 ;0 ;20 ;30.1;
131 ;0:58.70 ;5198 ;13 ;0.730 ;29.1 ;0.0 ;0.900 ;0 ;4.19 ;43.0 ;0 ;18 ;29.7;
131 ;0:58.80 ;4956 ;12 ;0.724 ;26.9 ;0.0 ;0.900 ;0 ;4.21 ;38.2 ;0 ;17 ;28.4;
131 ;0:58.90 ;4885 ;12 ;0.718 ;27.4 ;0.0 ;0.900 ;0 ;4.21 ;37.5 ;0 ;17 ;27.6;
131 ;0:59.00 ;4620 ;11 ;0.736 ;26.6 ;0.0 ;0.900 ;0 ;4.19 ;34.0 ;0 ;16 ;28.1;
131 ;0:59.10 ;4712 ;11 ;0.718 ;26.6 ;0.0 ;0.900 ;0 ;4.19 ;34.9 ;0 ;16 ;27.0;
131 ;0:59.20 ;4579 ;11 ;0.730 ;26.6 ;0.0 ;0.900 ;0 ;4.19 ;33.6 ;0 ;16 ;29.2;
131 ;0:59.30 ;4748 ;11 ;0.752 ;25.6 ;0.0 ;0.900 ;0 ;4.19 ;35.2 ;0 ;16 ;27.9;
131 ;0:59.40 ;4678 ;11 ;0.786 ;26.5 ;0.0 ;0.900 ;0 ;4.19 ;34.9 ;0 ;16 ;29.1;
131 ;0:59.50 ;4739 ;11 ;0.791 ;26.0 ;0.0 ;0.900 ;0 ;4.19 ;35.1 ;0 ;16 ;28.1;
131 ;0:59.60 ;4621 ;11 ;0.784 ;25.9 ;0.0 ;0.900 ;0 ;4.19 ;34.0 ;0 ;16 ;27.6;
131 ;0:59.70 ;4374 ;10 ;0.791 ;24.6 ;0.0 ;0.900 ;0 ;4.18 ;30.6 ;0 ;15 ;27.3;
131 ;0:59.80 ;4270 ;10 ;0.796 ;24.9 ;0.0 ;0.900 ;0 ;4.18 ;29.6 ;0 ;14 ;29.6;
131 ;0:59.90 ;4414 ;10 ;0.770 ;23.6 ;0.0 ;0.900 ;0 ;4.18 ;31.0 ;0 ;15 ;32.1;
131 ;1:00.00 ;4489 ;10 ;0.765 ;22.1 ;0.0 ;0.900 ;0 ;4.18 ;31.7 ;0 ;15 ;25.4;
131 ;1:00.10 ;3685 ;9 ;0.765 ;22.8 ;0.0 ;0.900 ;0 ;4.18 ;24.9 ;0 ;12 ;23.8;
131 ;1:00.20 ;3703 ;6 ;0.771 ;23.7 ;0.0 ;0.900 ;0 ;3.89 ;21.8 ;0 ;12 ;28.1;
131 ;1:00.30 ;4368 ;5 ;0.836 ;23.1 ;0.0 ;0.900 ;0 ;3.75 ;25.8 ;0 ;13 ;26.0;
131 ;1:00.40 ;4156 ;4 ;0.815 ;21.9 ;0.0 ;0.900 ;0 ;3.61 ;23.2 ;0 ;12 ;20.4;
131 ;1:00.50 ;3846 ;3 ;0.809 ;24.0 ;0.0 ;0.900 ;0 ;3.36 ;18.3 ;0 ;10 ;18.9;
131 ;1:00.60 ;3945 ;2 ;0.829 ;24.3 ;0.0 ;0.900 ;0 ;3.12 ;16.2 ;0 ;10 ;18.7;
131 ;1:00.70 ;4203 ;1 ;0.838 ;24.9 ;0.0 ;0.900 ;0 ;2.89 ;14.7 ;0 ;10 ;17.9;
131 ;1:00.80 ;4295 ;1 ;0.863 ;25.6 ;0.0 ;0.900 ;0 ;2.89 ;15.1 ;0 ;10 ;17.6;
131 ;1:00.90 ;4468 ;0 ;0.878 ;24.0 ;0.0 ;0.900 ;0 ;2.65 ;12.8 ;0 ;9 ;19.1;
131 ;1:01.00 ;4622 ;0 ;0.884 ;24.4 ;0.0 ;0.900 ;0 ;2.65 ;13.4 ;0 ;10 ;18.7;
131 ;1:01.10 ;4651 ;0 ;0.882 ;24.5 ;0.0 ;0.900 ;0 ;2.65 ;13.6 ;0 ;10 ;20.2;
131 ;1:01.20 ;4922 ;0 ;0.873 ;24.2 ;0.0 ;0.900 ;0 ;2.65 ;14.6 ;0 ;11 ;19.4;
131 ;1:01.30 ;4851 ;0 ;0.897 ;25.5 ;0.0 ;0.900 ;0 ;2.65 ;14.4 ;0 ;10 ;20.4;
131 ;1:01.40 ;5118 ;0 ;0.893 ;24.9 ;0.0 ;0.900 ;0 ;2.65 ;15.5 ;0 ;11 ;20.3;
131 ;1:01.50 ;5228 ;0 ;0.908 ;25.5 ;0.0 ;0.900 ;0 ;2.65 ;16.1 ;0 ;11 ;19.6;
131 ;1:01.60 ;5295 ;0 ;0.942 ;27.0 ;0.0 ;0.900 ;0 ;2.65 ;16.4 ;0 ;11 ;19.2;
131 ;1:01.70 ;5485 ;0 ;0.865 ;28.6 ;0.0 ;0.900 ;0 ;2.65 ;17.4 ;0 ;12 ;18.6;
131 ;1:01.80 ;5550 ;0 ;0.921 ;27.4 ;0.0 ;0.900 ;0 ;2.65 ;17.7 ;0 ;12 ;20.5;
131 ;1:01.90 ;5914 ;0 ;0.943 ;28.7 ;0.0 ;0.900 ;0 ;2.65 ;19.5 ;0 ;13 ;17.2;
131 ;1:02.00 ;5304 ;0 ;0.910 ;29.6 ;0.0 ;0.900 ;0 ;2.65 ;16.5 ;0 ;11 ;14.5;
131 ;1:02.10 ;4618 ;0 ;0.958 ;33.0 ;0.0 ;0.900 ;0 ;2.65 ;13.4 ;0 ;10 ;15.1;
131 ;1:02.20 ;5013 ;0 ;0.966 ;32.9 ;0.0 ;0.900 ;0 ;2.65 ;15.0 ;0 ;11 ;14.9;
131 ;1:02.30 ;5149 ;0 ;0.992 ;37.2 ;0.0 ;0.900 ;0 ;2.65 ;15.7 ;0 ;11 ;14.9;
131 ;1:02.40 ;5301 ;0 ;1.040 ;36.8 ;0.0 ;0.900 ;0 ;2.65 ;16.5 ;0 ;11 ;14.4;
131 ;1:02.50 ;5307 ;0 ;1.065 ;38.6 ;0.0 ;0.900 ;0 ;2.65 ;16.5 ;0 ;11 ;13.9;
131 ;1:02.60 ;5511 ;0 ;1.090 ;39.4 ;0.0 ;0.900 ;0 ;2.65 ;17.5 ;0 ;12 ;14.3;
131 ;1:02.70 ;5537 ;0 ;1.051 ;38.4 ;0.0 ;0.900 ;0 ;2.65 ;17.6 ;0 ;12 ;14.0;
131 ;1:02.80 ;5634 ;0 ;1.013 ;39.0 ;0.0 ;0.900 ;0 ;2.65 ;18.1 ;0 ;12 ;14.7;
131 ;1:02.90 ;5815 ;0 ;1.009 ;40.4 ;0.0 ;0.900 ;0 ;2.65 ;19.0 ;0 ;12 ;14.2;
131 ;1:03.00 ;5794 ;0 ;0.842 ;40.2 ;0.0 ;0.900 ;0 ;2.65 ;18.9 ;0 ;13 ;14.4;
131 ;1:03.10 ;5954 ;0 ;0.815 ;41.8 ;0.0 ;0.900 ;0 ;2.65 ;19.7 ;0 ;13 ;19.3;
131 ;1:03.20 ;6085 ;5 ;0.783 ;41.2 ;0.0 ;0.900 ;0 ;3.60 ;38.8 ;0 ;18 ;19.3;
131 ;1:03.30 ;6127 ;9 ;0.803 ;42.4 ;0.0 ;0.900 ;0 ;3.60 ;51.8 ;0 ;18 ;21.1;
131 ;1:03.40 ;5916 ;11 ;0.745 ;43.0 ;0.0 ;0.900 ;0 ;3.87 ;51.9 ;0 ;19 ;22.7;
131 ;1:03.50 ;6034 ;15 ;0.720 ;44.8 ;0.0 ;0.900 ;0 ;4.44 ;50.3 ;0 ;22 ;27.2;
131 ;1:03.60 ;6492 ;18 ;0.722 ;44.0 ;0.0 ;0.900 ;0 ;4.81 ;46.4 ;0 ;26 ;28.0;
131 ;1:03.70 ;5848 ;21 ;0.717 ;44.0 ;0.0 ;0.900 ;0 ;5.38 ;38.0 ;0 ;27 ;30.2;
131 ;1:03.80 ;6360 ;27 ;0.730 ;39.6 ;0.0 ;0.900 ;0 ;5.44 ;40.8 ;0 ;28 ;30.1;
131 ;1:03.90 ;6275 ;30 ;0.732 ;40.1 ;0.0 ;0.900 ;0 ;5.62 ;38.7 ;0 ;30 ;29.7;
131 ;1:04.00 ;5656 ;29 ;0.724 ;42.6 ;0.0 ;0.900 ;0 ;5.85 ;35.2 ;0 ;27 ;32.9;
131 ;1:04.10 ;6544 ;28 ;0.729 ;39.8 ;0.0 ;0.900 ;0 ;5.37 ;43.0 ;0 ;29 ;27.2;
131 ;1:04.20 ;5326 ;22 ;0.718 ;41.4 ;0.0 ;0.900 ;0 ;5.57 ;36.2 ;0 ;24 ;30.2;
131 ;1:04.30 ;6139 ;19 ;0.734 ;40.8 ;0.0 ;0.900 ;0 ;5.12 ;41.5 ;0 ;26 ;26.0;
131 ;1:04.40 ;5425 ;17 ;0.743 ;39.4 ;0.0 ;0.900 ;0 ;5.05 ;40.2 ;0 ;23 ;27.0;
131 ;1:04.50 ;5916 ;17 ;0.721 ;38.6 ;0.0 ;0.900 ;0 ;4.94 ;43.1 ;0 ;24 ;23.0;
131 ;1:04.60 ;5180 ;15 ;0.760 ;40.0 ;0.0 ;0.900 ;0 ;4.65 ;40.7 ;0 ;20 ;26.7;
131 ;1:04.70 ;6159 ;15 ;0.863 ;38.1 ;0.0 ;0.900 ;0 ;4.38 ;50.9 ;0 ;22 ;23.9;
131 ;1:04.80 ;5642 ;15 ;0.964 ;40.5 ;0.0 ;0.900 ;0 ;4.53 ;46.0 ;0 ;21 ;25.0;
131 ;1:04.90 ;5806 ;15 ;1.013 ;39.8 ;0.0 ;0.900 ;0 ;4.50 ;47.9 ;0 ;22 ;21.2;
131 ;1:05.00 ;5668 ;9 ;0.995 ;38.6 ;0.0 ;0.900 ;0 ;3.83 ;46.2 ;0 ;18 ;16.5;
131 ;1:05.10 ;5861 ;2 ;0.977 ;40.2 ;0.0 ;0.900 ;0 ;3.13 ;26.8 ;0 ;15 ;16.0;
131 ;1:05.20 ;6583 ;0 ;0.989 ;41.1 ;0.0 ;0.900 ;0 ;2.65 ;25.8 ;1 ;14 ;18.4;
131 ;1:05.30 ;7536 ;0 ;1.022 ;41.3 ;0.0 ;0.900 ;0 ;2.65 ;40.7 ;0 ;16 ;20.0;
131 ;1:05.40 ;8491 ;0 ;0.846 ;42.7 ;0.0 ;0.900 ;0 ;2.65 ;59.8 ;0 ;19 ;22.4;
131 ;1:05.50 ;9512 ;2 ;0.717 ;44.1 ;0.0 ;0.900 ;0 ;2.84 ;60.0 ;0 ;22 ;41.4;
131 ;1:05.60 ;10382 ;23 ;0.875 ;44.0 ;0.0 ;0.900 ;0 ;4.88 ;47.3 ;0 ;43 ;49.0;
131 ;1:05.70 ;9323 ;37 ;0.947 ;41.1 ;0.0 ;0.900 ;0 ;5.94 ;44.5 ;0 ;46 ;52.3;
131 ;1:05.80 ;9745 ;37 ;0.735 ;42.6 ;0.0 ;0.900 ;0 ;6.10 ;44.4 ;0 ;50 ;56.1;
131 ;1:05.90 ;10032 ;36 ;0.922 ;42.0 ;0.0 ;0.900 ;0 ;6.14 ;44.8 ;0 ;52 ;39.5;
131 ;1:06.00 ;7594 ;41 ;1.093 ;43.0 ;0.0 ;0.900 ;0 ;5.83 ;50.8 ;0 ;37 ;41.2;
131 ;1:06.10 ;7479 ;50 ;0.730 ;40.7 ;0.0 ;0.900 ;0 ;5.91 ;26.7 ;0 ;36 ;49.1;
131 ;1:06.20 ;8267 ;51 ;0.730 ;39.3 ;0.0 ;0.900 ;0 ;6.14 ;48.9 ;0 ;42 ;46.7;
131 ;1:06.30 ;7735 ;52 ;0.685 ;40.2 ;0.0 ;0.900 ;0 ;6.00 ;47.7 ;0 ;39 ;47.5;
131 ;1:06.40 ;7373 ;52 ;0.701 ;34.5 ;0.0 ;0.900 ;0 ;5.88 ;44.8 ;0 ;36 ;46.6;
131 ;1:06.50 ;7027 ;51 ;0.731 ;33.2 ;0.0 ;0.900 ;0 ;5.76 ;42.2 ;0 ;34 ;46.5;
131 ;1:06.60 ;6447 ;49 ;0.743 ;31.8 ;0.0 ;0.900 ;0 ;6.06 ;37.5 ;0 ;33 ;47.3;
131 ;1:06.70 ;6064 ;45 ;0.879 ;30.2 ;0.0 ;0.900 ;0 ;6.23 ;34.8 ;0 ;31 ;48.7;
131 ;1:06.80 ;5992 ;41 ;0.843 ;29.4 ;0.0 ;0.900 ;0 ;6.23 ;34.7 ;0 ;31 ;48.3;
131 ;1:06.90 ;5697 ;36 ;0.746 ;27.5 ;0.0 ;0.900 ;0 ;6.11 ;34.9 ;0 ;29 ;46.2;
131 ;1:07.00 ;5302 ;30 ;0.730 ;26.1 ;0.0 ;0.900 ;0 ;6.01 ;34.8 ;0 ;26 ;39.0;
131 ;1:07.10 ;4909 ;21 ;0.732 ;25.4 ;0.0 ;0.900 ;0 ;5.57 ;35.4 ;0 ;22 ;34.7;
131 ;1:07.20 ;4866 ;15 ;0.730 ;25.3 ;0.0 ;0.900 ;0 ;4.68 ;37.2 ;0 ;18 ;28.0;
131 ;1:07.30 ;4622 ;13 ;0.734 ;26.7 ;0.0 ;0.900 ;0 ;4.21 ;36.0 ;0 ;16 ;27.5;
131 ;1:07.40 ;4637 ;12 ;0.728 ;24.5 ;0.0 ;0.900 ;0 ;4.20 ;35.1 ;0 ;16 ;25.9;
131 ;1:07.50 ;4480 ;10 ;0.719 ;26.7 ;0.0 ;0.900 ;0 ;4.18 ;31.7 ;0 ;15 ;29.4;
131 ;1:07.60 ;4598 ;10 ;0.736 ;29.1 ;0.0 ;0.900 ;0 ;4.18 ;32.8 ;0 ;16 ;26.5;
131 ;1:07.70 ;4486 ;9 ;0.737 ;26.6 ;0.0 ;0.900 ;0 ;4.18 ;30.7 ;0 ;15 ;27.2;
131 ;1:07.80 ;4628 ;9 ;0.745 ;26.3 ;0.0 ;0.900 ;0 ;4.18 ;32.0 ;0 ;16 ;27.2;
131 ;1:07.90 ;4441 ;9 ;0.742 ;27.2 ;0.0 ;0.900 ;0 ;4.18 ;30.3 ;0 ;15 ;26.8;
131 ;1:08.00 ;4622 ;9 ;0.742 ;25.8 ;0.0 ;0.900 ;0 ;4.18 ;32.1 ;0 ;16 ;26.9;
131 ;1:08.10 ;4502 ;9 ;0.752 ;25.7 ;0.0 ;0.900 ;0 ;4.18 ;30.9 ;0 ;15 ;26.3;
131 ;1:08.20 ;4536 ;9 ;0.756 ;25.2 ;0.0 ;0.900 ;0 ;4.18 ;31.2 ;0 ;15 ;27.6;
131 ;1:08.30 ;4458 ;9 ;0.763 ;26.1 ;0.0 ;0.900 ;0 ;4.18 ;30.4 ;0 ;15 ;26.9;
131 ;1:08.40 ;4488 ;9 ;0.759 ;25.8 ;0.0 ;0.900 ;0 ;4.18 ;30.7 ;0 ;15 ;27.8;
131 ;1:08.50 ;4479 ;9 ;0.755 ;25.5 ;0.0 ;0.900 ;0 ;4.18 ;30.6 ;0 ;15 ;26.3;
131 ;1:08.60 ;4354 ;9 ;0.755 ;26.2 ;0.0 ;0.900 ;0 ;4.18 ;29.4 ;0 ;15 ;26.7;
131 ;1:08.70 ;4358 ;9 ;0.745 ;27.2 ;0.0 ;0.900 ;0 ;4.18 ;29.4 ;0 ;15 ;28.0;
131 ;1:08.80 ;4369 ;9 ;0.735 ;24.6 ;0.0 ;0.900 ;0 ;4.18 ;29.5 ;0 ;15 ;26.0;
131 ;1:08.90 ;4260 ;9 ;0.761 ;25.7 ;0.0 ;0.900 ;0 ;4.18 ;28.5 ;0 ;14 ;25.8;
131 ;1:09.00 ;4190 ;9 ;0.785 ;25.1 ;0.0 ;0.900 ;0 ;4.18 ;27.8 ;0 ;14 ;29.2;
131 ;1:09.10 ;4426 ;8 ;0.786 ;24.4 ;0.0 ;0.900 ;0 ;4.18 ;29.2 ;0 ;15 ;27.4;
131 ;1:09.20 ;4297 ;7 ;0.791 ;23.7 ;0.0 ;0.900 ;0 ;4.03 ;27.0 ;0 ;14 ;24.2;
131 ;1:09.30 ;4363 ;5 ;0.824 ;24.9 ;0.0 ;0.900 ;0 ;3.75 ;25.8 ;0 ;13 ;20.4;
131 ;1:09.40 ;4409 ;2 ;0.850 ;25.4 ;0.0 ;0.900 ;0 ;3.13 ;18.9 ;0 ;11 ;18.1;
131 ;1:09.50 ;4534 ;0 ;0.858 ;24.7 ;0.0 ;0.900 ;0 ;2.65 ;13.1 ;0 ;10 ;19.4;
131 ;1:09.60 ;4743 ;0 ;0.847 ;24.2 ;0.0 ;0.900 ;0 ;2.65 ;13.9 ;0 ;10 ;19.5;
131 ;1:09.70 ;4769 ;0 ;0.847 ;24.6 ;0.0 ;0.900 ;0 ;2.65 ;14.0 ;0 ;10 ;19.3;
131 ;1:09.80 ;4929 ;0 ;0.872 ;25.3 ;0.0 ;0.900 ;0 ;2.65 ;14.7 ;0 ;11 ;20.7;
131 ;1:09.90 ;5018 ;0 ;0.852 ;27.2 ;0.0 ;0.900 ;0 ;2.65 ;15.0 ;0 ;11 ;20.1;
131 ;1:10.00 ;5238 ;0 ;0.849 ;26.0 ;0.0 ;0.900 ;0 ;2.65 ;16.1 ;0 ;11 ;20.0;
131 ;1:10.10 ;5153 ;0 ;0.863 ;25.4 ;0.0 ;0.900 ;0 ;2.65 ;15.7 ;0 ;11 ;20.5;
131 ;1:10.20 ;5401 ;0 ;0.898 ;27.7 ;0.0 ;0.900 ;0 ;2.65 ;17.0 ;0 ;12 ;19.7;
131 ;1:10.30 ;5595 ;0 ;0.982 ;27.0 ;0.0 ;0.900 ;0 ;2.65 ;17.9 ;0 ;12 ;17.2;
131 ;1:10.40 ;4913 ;0 ;0.956 ;29.1 ;0.0 ;0.900 ;0 ;2.65 ;14.6 ;0 ;10 ;14.5;
131 ;1:10.50 ;4784 ;0 ;0.968 ;31.1 ;0.0 ;0.900 ;0 ;2.65 ;14.1 ;0 ;10 ;15.1;
131 ;1:10.60 ;4921 ;0 ;0.974 ;34.8 ;0.0 ;0.900 ;0 ;2.65 ;14.6 ;0 ;10 ;15.9;
131 ;1:10.70 ;5958 ;0 ;0.921 ;35.2 ;0.0 ;0.900 ;0 ;2.65 ;20.1 ;0 ;13 ;15.1;
131 ;1:10.80 ;5776 ;0 ;0.959 ;38.2 ;0.0 ;0.900 ;0 ;2.65 ;18.8 ;0 ;12 ;14.7;
131 ;1:10.90 ;5835 ;0 ;0.965 ;39.6 ;0.0 ;0.900 ;0 ;2.65 ;19.1 ;0 ;13 ;12.5;
131 ;1:11.00 ;5498 ;0 ;0.981 ;41.5 ;0.0 ;0.900 ;0 ;2.65 ;17.4 ;0 ;12 ;12.1;
131 ;1:11.10 ;5343 ;0 ;0.997 ;43.9 ;0.0 ;0.900 ;0 ;2.65 ;16.7 ;0 ;11 ;12.0;
131 ;1:11.20 ;5778 ;0 ;1.062 ;46.3 ;0.0 ;0.900 ;0 ;2.65 ;18.8 ;0 ;12 ;10.7;
131 ;1:11.30 ;5169 ;0 ;1.075 ;48.4 ;0.0 ;0.900 ;0 ;2.65 ;15.8 ;0 ;11 ;10.6;
131 ;1:11.40 ;5095 ;0 ;1.069 ;47.7 ;0.0 ;0.900 ;0 ;2.65 ;15.4 ;0 ;11 ;11.0;
131 ;1:11.50 ;5580 ;0 ;1.064 ;52.5 ;0.0 ;0.900 ;0 ;2.65 ;17.9 ;0 ;12 ;10.3;
131 ;1:11.60 ;5647 ;0 ;1.032 ;55.7 ;0.0 ;0.900 ;0 ;2.65 ;18.2 ;0 ;12 ;10.2;
131 ;1:11.70 ;5623 ;0 ;0.988 ;54.6 ;0.0 ;0.900 ;0 ;2.65 ;18.1 ;0 ;12 ;9.3;
131 ;1:11.80 ;5735 ;0 ;0.882 ;60.8 ;0.0 ;0.900 ;0 ;2.65 ;18.6 ;0 ;12 ;10.7;
131 ;1:11.90 ;6161 ;0 ;0.761 ;60.4 ;0.0 ;0.900 ;0 ;2.65 ;21.6 ;0 ;13 ;9.8;
131 ;1:12.00 ;5812 ;0 ;0.705 ;61.9 ;0.0 ;0.900 ;0 ;2.65 ;19.0 ;0 ;13 ;12.1;
131 ;1:12.10 ;6481 ;3 ;0.706 ;60.2 ;0.0 ;0.900 ;0 ;3.37 ;32.4 ;0 ;18 ;20.1;
131 ;1:12.20 ;6351 ;23 ;0.733 ;63.1 ;0.0 ;0.900 ;0 ;5.23 ;42.4 ;0 ;28 ;25.1;
131 ;1:12.30 ;6328 ;41 ;0.819 ;62.2 ;0.0 ;0.900 ;0 ;6.02 ;38.0 ;0 ;31 ;23.2;
131 ;1:12.40 ;6287 ;46 ;0.940 ;59.4 ;0.0 ;0.900 ;0 ;6.11 ;36.6 ;0 ;32 ;23.6;
131 ;1:12.50 ;6206 ;47 ;0.912 ;58.7 ;0.0 ;0.900 ;0 ;6.18 ;35.7 ;0 ;32 ;24.8;
131 ;1:12.60 ;6048 ;48 ;0.834 ;57.6 ;0.0 ;0.900 ;0 ;6.28 ;34.2 ;0 ;32 ;24.5;
131 ;1:12.70 ;6015 ;49 ;1.137 ;53.6 ;0.0 ;0.900 ;0 ;6.31 ;33.7 ;0 ;33 ;29.6;
131 ;1:12.80 ;7027 ;49 ;0.817 ;56.0 ;0.0 ;0.900 ;0 ;5.74 ;42.6 ;0 ;33 ;25.4;
131 ;1:12.90 ;5830 ;44 ;0.769 ;52.5 ;0.0 ;0.900 ;0 ;6.30 ;34.3 ;1 ;31 ;27.0;
131 ;1:13.00 ;6555 ;44 ;0.872 ;52.8 ;0.0 ;0.900 ;0 ;5.93 ;39.6 ;0 ;32 ;27.6;
131 ;1:13.10 ;6225 ;44 ;0.813 ;53.5 ;0.0 ;0.900 ;0 ;6.13 ;36.5 ;0 ;32 ;28.6;
131 ;1:13.20 ;6050 ;44 ;0.818 ;50.0 ;0.0 ;0.900 ;0 ;6.23 ;34.8 ;0 ;31 ;30.4;
131 ;1:13.30 ;6472 ;44 ;0.856 ;48.3 ;0.0 ;0.900 ;0 ;5.98 ;38.9 ;0 ;32 ;31.6;
131 ;1:13.40 ;6524 ;44 ;1.234 ;47.7 ;0.0 ;0.900 ;0 ;5.95 ;39.3 ;0 ;31 ;30.9;
131 ;1:13.50 ;6679 ;44 ;0.733 ;44.6 ;0.0 ;0.900 ;0 ;5.85 ;40.8 ;0 ;32 ;40.6;
131 ;1:13.60 ;7961 ;44 ;0.732 ;43.8 ;0.0 ;0.900 ;0 ;5.99 ;52.9 ;0 ;40 ;40.6;
131 ;1:13.70 ;7581 ;45 ;0.747 ;41.1 ;0.0 ;0.900 ;0 ;5.87 ;49.0 ;0 ;37 ;39.8;
131 ;1:13.80 ;7231 ;45 ;0.762 ;40.4 ;0.0 ;0.900 ;0 ;5.75 ;45.7 ;0 ;34 ;37.4;
131 ;1:13.90 ;6800 ;45 ;1.114 ;38.6 ;0.0 ;0.900 ;0 ;5.80 ;41.7 ;0 ;32 ;37.6;
131 ;1:14.00 ;6569 ;45 ;0.809 ;39.3 ;0.0 ;0.900 ;0 ;5.93 ;39.5 ;0 ;32 ;38.1;
131 ;1:14.10 ;6682 ;40 ;0.725 ;38.3 ;0.0 ;0.900 ;0 ;5.77 ;25.1 ;0 ;32 ;42.9;
131 ;1:14.20 ;7455 ;38 ;0.701 ;35.5 ;0.0 ;0.900 ;0 ;5.69 ;49.9 ;0 ;35 ;43.1;
131 ;1:14.30 ;7115 ;36 ;0.691 ;34.3 ;0.0 ;0.900 ;0 ;5.49 ;46.4 ;0 ;32 ;43.6;
131 ;1:14.40 ;6715 ;35 ;0.688 ;34.2 ;0.0 ;0.900 ;0 ;5.58 ;42.2 ;0 ;31 ;43.6;
131 ;1:14.50 ;6632 ;35 ;0.684 ;31.9 ;0.0 ;0.900 ;0 ;5.63 ;41.4 ;0 ;31 ;45.2;
131 ;1:14.60 ;6653 ;35 ;0.694 ;31.4 ;0.0 ;0.900 ;0 ;5.60 ;41.8 ;0 ;31 ;47.4;
131 ;1:14.70 ;6519 ;34 ;0.708 ;30.1 ;0.0 ;0.900 ;0 ;5.65 ;40.2 ;0 ;31 ;44.8;
131 ;1:14.80 ;6340 ;33 ;0.764 ;28.5 ;0.0 ;0.900 ;0 ;5.72 ;38.4 ;0 ;30 ;45.9;
131 ;1:14.90 ;5998 ;31 ;0.791 ;29.6 ;0.0 ;0.900 ;0 ;5.83 ;35.2 ;0 ;29 ;46.3;
131 ;1:15.00 ;6161 ;30 ;0.736 ;28.7 ;0.0 ;0.900 ;0 ;5.69 ;37.3 ;0 ;29 ;44.3;
131 ;1:15.10 ;5509 ;27 ;0.728 ;27.1 ;0.0 ;0.900 ;0 ;5.81 ;35.0 ;0 ;26 ;37.2;
131 ;1:15.20 ;4872 ;20 ;0.734 ;27.4 ;0.0 ;0.900 ;0 ;5.50 ;35.5 ;0 ;22 ;30.4;
131 ;1:15.30 ;4743 ;14 ;0.753 ;26.3 ;0.0 ;0.900 ;0 ;4.44 ;36.9 ;0 ;17 ;26.9;
131 ;1:15.40 ;4538 ;9 ;0.752 ;26.7 ;0.0 ;0.900 ;0 ;4.18 ;31.2 ;0 ;15 ;27.3;
131 ;1:15.50 ;4560 ;9 ;0.753 ;26.3 ;0.0 ;0.900 ;0 ;4.18 ;31.5 ;0 ;16 ;28.3;
131 ;1:15.60 ;4547 ;9 ;0.751 ;25.4 ;0.0 ;0.900 ;0 ;4.18 ;31.3 ;0 ;15 ;29.2;
131 ;1:15.70 ;4483 ;8 ;0.763 ;24.3 ;0.0 ;0.900 ;0 ;4.18 ;29.8 ;0 ;15 ;26.6;
131 ;1:15.80 ;4397 ;8 ;0.759 ;25.9 ;0.0 ;0.900 ;0 ;4.18 ;28.9 ;0 ;15 ;27.5;
131 ;1:15.90 ;4413 ;8 ;0.761 ;25.5 ;0.0 ;0.900 ;0 ;4.18 ;29.1 ;0 ;15 ;27.3;
131 ;1:16.00 ;4361 ;8 ;0.765 ;25.2 ;0.0 ;0.900 ;0 ;4.18 ;28.6 ;0 ;15 ;26.5;
131 ;1:16.10 ;4222 ;8 ;0.779 ;25.2 ;0.0 ;0.900 ;0 ;4.18 ;27.2 ;0 ;14 ;27.4;
131 ;1:16.20 ;4242 ;8 ;0.772 ;23.8 ;0.0 ;0.900 ;0 ;4.18 ;27.2 ;0 ;14 ;29.2;
131 ;1:16.30 ;4376 ;8 ;0.767 ;24.3 ;0.0 ;0.900 ;0 ;4.18 ;28.7 ;0 ;15 ;27.3;
131 ;1:16.40 ;3932 ;7 ;0.774 ;21.9 ;0.0 ;0.900 ;0 ;4.03 ;23.9 ;0 ;13 ;22.4;
131 ;1:16.50 ;4013 ;5 ;0.783 ;24.9 ;0.0 ;0.900 ;0 ;3.75 ;22.8 ;0 ;12 ;25.9;
131 ;1:16.60 ;4310 ;5 ;0.817 ;23.5 ;0.0 ;0.900 ;0 ;3.75 ;25.3 ;0 ;13 ;24.7;
131 ;1:16.70 ;4254 ;4 ;0.828 ;23.9 ;0.0 ;0.900 ;0 ;3.61 ;24.0 ;0 ;12 ;21.4;
131 ;1:16.80 ;4237 ;2 ;0.833 ;26.0 ;0.0 ;0.900 ;0 ;3.13 ;17.8 ;0 ;11 ;20.0;
131 ;1:16.90 ;4270 ;2 ;0.828 ;25.0 ;0.0 ;0.900 ;0 ;3.13 ;18.0 ;0 ;11 ;17.8;
131 ;1:17.00 ;4349 ;1 ;0.833 ;26.4 ;0.0 ;0.900 ;0 ;2.89 ;15.4 ;0 ;10 ;17.1;
131 ;1:17.10 ;4466 ;0 ;0.864 ;26.0 ;0.0 ;0.900 ;0 ;2.65 ;12.8 ;0 ;9 ;17.4;
131 ;1:17.20 ;4642 ;0 ;0.860 ;26.3 ;0.0 ;0.900 ;0 ;2.65 ;13.5 ;0 ;10 ;17.7;
131 ;1:17.30 ;4849 ;0 ;0.869 ;27.0 ;0.0 ;0.900 ;0 ;2.65 ;14.3 ;0 ;10 ;18.7;
131 ;1:17.40 ;4951 ;0 ;0.882 ;26.1 ;0.0 ;0.900 ;0 ;2.65 ;14.8 ;0 ;11 ;19.9;
131 ;1:17.50 ;5117 ;0 ;0.907 ;25.6 ;0.0 ;0.900 ;0 ;2.65 ;15.5 ;0 ;11 ;20.4;
131 ;1:17.60 ;5179 ;0 ;0.903 ;25.6 ;0.0 ;0.900 ;0 ;2.65 ;15.8 ;0 ;11 ;20.3;
131 ;1:17.70 ;5310 ;0 ;0.897 ;26.4 ;0.0 ;0.900 ;0 ;2.65 ;16.5 ;0 ;11 ;20.4;
131 ;1:17.80 ;5600 ;0 ;0.876 ;27.4 ;0.0 ;0.900 ;0 ;2.65 ;18.0 ;0 ;12 ;19.2;
131 ;1:17.90 ;5419 ;0 ;0.889 ;27.9 ;0.0 ;0.900 ;0 ;2.65 ;17.0 ;0 ;12 ;21.2;
131 ;1:18.00 ;5922 ;0 ;0.984 ;27.7 ;0.0 ;0.900 ;0 ;2.65 ;19.6 ;0 ;13 ;19.3;
131 ;1:18.10 ;5630 ;0 ;0.982 ;29.4 ;0.0 ;0.900 ;0 ;2.65 ;18.1 ;0 ;12 ;16.0;
131 ;1:18.20 ;4863 ;0 ;0.989 ;32.4 ;0.0 ;0.900 ;0 ;2.65 ;14.4 ;0 ;10 ;13.9;
131 ;1:18.30 ;4707 ;0 ;1.011 ;32.8 ;0.0 ;0.900 ;0 ;2.65 ;13.8 ;0 ;10 ;17.0;
131 ;1:18.40 ;5973 ;0 ;1.039 ;34.7 ;0.0 ;0.900 ;0 ;2.65 ;19.9 ;0 ;13 ;14.6;
131 ;1:18.50 ;5740 ;0 ;1.045 ;38.7 ;0.0 ;0.900 ;0 ;2.65 ;18.7 ;0 ;12 ;13.3;
131 ;1:18.60 ;5572 ;0 ;1.043 ;38.7 ;0.0 ;0.900 ;0 ;2.65 ;17.8 ;0 ;12 ;14.6;
131 ;1:18.70 ;5870 ;0 ;1.025 ;40.5 ;0.0 ;0.900 ;0 ;2.65 ;19.3 ;0 ;13 ;13.8;
131 ;1:18.80 ;6239 ;0 ;1.009 ;43.8 ;0.0 ;0.900 ;0 ;2.65 ;22.3 ;0 ;13 ;14.5;
131 ;1:18.90 ;6425 ;0 ;0.992 ;43.7 ;0.0 ;0.900 ;0 ;2.65 ;24.2 ;0 ;14 ;13.9;
131 ;1:19.00 ;6510 ;0 ;0.982 ;46.5 ;0.0 ;0.900 ;0 ;2.65 ;25.1 ;0 ;14 ;14.2;
131 ;1:19.10 ;6625 ;0 ;0.986 ;43.1 ;0.0 ;0.900 ;0 ;2.65 ;26.2 ;0 ;14 ;14.0;
131 ;1:19.20 ;6425 ;0 ;0.982 ;50.8 ;0.0 ;0.900 ;0 ;2.65 ;24.2 ;0 ;14 ;13.8;
131 ;1:19.30 ;7067 ;0 ;0.974 ;51.4 ;0.0 ;0.900 ;0 ;2.65 ;31.3 ;0 ;15 ;15.1;
131 ;1:19.40 ;7500 ;0 ;0.963 ;54.6 ;0.0 ;0.900 ;0 ;2.65 ;40.0 ;0 ;16 ;14.1;
131 ;1:19.50 ;7668 ;0 ;0.961 ;51.9 ;0.0 ;0.900 ;0 ;2.65 ;43.3 ;0 ;17 ;14.0;
131 ;1:19.60 ;7776 ;0 ;0.971 ;54.8 ;0.0 ;0.900 ;0 ;2.65 ;45.5 ;0 ;17 ;14.2;
131 ;1:19.70 ;7968 ;0 ;0.985 ;58.1 ;0.0 ;0.900 ;0 ;2.65 ;49.3 ;0 ;17 ;14.2;
131 ;1:19.80 ;8047 ;0 ;0.957 ;58.3 ;0.0 ;0.900 ;0 ;2.65 ;50.9 ;0 ;18 ;14.0;
131 ;1:19.90 ;8191 ;0 ;0.865 ;57.6 ;0.0 ;0.900 ;0 ;2.65 ;53.8 ;0 ;18 ;13.4;
131 ;1:20.00 ;7982 ;0 ;0.775 ;60.5 ;0.0 ;0.900 ;0 ;2.65 ;49.6 ;0 ;17 ;20.5;
131 ;1:20.10 ;8408 ;10 ;0.709 ;62.3 ;0.0 ;0.900 ;0 ;3.86 ;60.0 ;0 ;27 ;26.7;
131 ;1:20.20 ;8757 ;25 ;0.736 ;63.7 ;0.0 ;0.900 ;0 ;5.19 ;50.9 ;0 ;38 ;34.7;
131 ;1:20.30 ;8636 ;50 ;0.761 ;61.7 ;0.0 ;0.900 ;0 ;6.24 ;47.5 ;0 ;45 ;35.6;
131 ;1:20.40 ;8553 ;57 ;0.729 ;57.4 ;0.0 ;0.900 ;0 ;6.26 ;47.4 ;0 ;45 ;35.0;
131 ;1:20.50 ;8064 ;59 ;0.761 ;55.4 ;0.0 ;0.900 ;0 ;6.16 ;48.5 ;0 ;42 ;35.1;
131 ;1:20.60 ;7848 ;59 ;0.774 ;54.3 ;0.0 ;0.900 ;0 ;6.09 ;47.5 ;0 ;40 ;33.7;
131 ;1:20.70 ;7649 ;59 ;0.727 ;49.2 ;0.0 ;0.900 ;0 ;6.02 ;45.9 ;0 ;38 ;32.8;
131 ;1:20.80 ;7270 ;59 ;0.705 ;47.9 ;0.0 ;0.900 ;0 ;5.91 ;43.0 ;0 ;36 ;33.4;
131 ;1:20.90 ;7145 ;59 ;0.678 ;46.5 ;0.0 ;0.900 ;0 ;5.88 ;42.0 ;0 ;35 ;33.4;
131 ;1:21.00 ;6751 ;59 ;0.683 ;47.9 ;0.0 ;0.900 ;0 ;5.99 ;38.9 ;0 ;34 ;32.4;
131 ;1:21.10 ;6627 ;58 ;0.692 ;46.9 ;0.0 ;0.900 ;0 ;6.06 ;38.0 ;0 ;33 ;35.7;
131 ;1:21.20 ;6627 ;57 ;0.704 ;42.2 ;0.0 ;0.900 ;0 ;6.05 ;38.1 ;0 ;33 ;33.6;
131 ;1:21.30 ;6190 ;50 ;0.728 ;42.1 ;0.0 ;0.900 ;0 ;6.23 ;35.0 ;0 ;32 ;32.7;
131 ;1:21.40 ;5920 ;39 ;0.739 ;42.4 ;0.0 ;0.900 ;0 ;6.17 ;34.8 ;0 ;30 ;32.9;
131 ;1:21.50 ;5978 ;36 ;0.796 ;41.6 ;0.0 ;0.900 ;0 ;6.03 ;34.9 ;0 ;30 ;35.4;
131 ;1:21.60 ;5929 ;35 ;0.921 ;37.8 ;0.0 ;0.900 ;0 ;6.00 ;35.0 ;0 ;29 ;32.6;
131 ;1:21.70 ;5375 ;35 ;0.926 ;38.6 ;0.0 ;0.900 ;0 ;6.18 ;34.9 ;0 ;27 ;35.5;
131 ;1:21.80 ;5529 ;35 ;0.741 ;36.1 ;0.0 ;0.900 ;0 ;6.14 ;34.9 ;0 ;27 ;35.1;
131 ;1:21.90 ;5688 ;33 ;0.748 ;36.7 ;0.0 ;0.900 ;0 ;6.01 ;35.0 ;1 ;28 ;38.7;
131 ;1:22.00 ;5676 ;33 ;0.744 ;34.1 ;0.0 ;0.900 ;0 ;6.02 ;35.0 ;0 ;27 ;38.0;
131 ;1:22.10 ;5514 ;33 ;0.721 ;32.7 ;0.0 ;0.900 ;0 ;6.08 ;35.0 ;0 ;28 ;37.8;
131 ;1:22.20 ;5313 ;33 ;0.825 ;33.0 ;0.0 ;0.900 ;0 ;6.15 ;35.0 ;0 ;27 ;40.1;
131 ;1:22.30 ;5060 ;33 ;0.968 ;29.4 ;0.0 ;0.900 ;0 ;6.23 ;35.0 ;0 ;26 ;42.3;
131 ;1:22.40 ;5842 ;33 ;0.753 ;28.9 ;0.0 ;0.900 ;0 ;5.96 ;35.0 ;0 ;29 ;44.5;
131 ;1:22.50 ;5790 ;32 ;0.876 ;29.2 ;0.0 ;0.900 ;0 ;5.93 ;35.1 ;0 ;28 ;45.8;
131 ;1:22.60 ;5874 ;32 ;0.847 ;28.6 ;0.0 ;0.900 ;0 ;5.90 ;35.1 ;0 ;29 ;48.4;
131 ;1:22.70 ;5637 ;32 ;0.792 ;26.4 ;0.0 ;0.900 ;0 ;5.98 ;35.1 ;0 ;28 ;44.7;
131 ;1:22.80 ;5093 ;27 ;0.765 ;26.6 ;0.0 ;0.900 ;0 ;5.94 ;34.4 ;0 ;25 ;40.8;
131 ;1:22.90 ;4792 ;22 ;0.743 ;25.2 ;0.0 ;0.900 ;0 ;5.63 ;34.4 ;0 ;22 ;34.1;
131 ;1:23.00 ;4592 ;18 ;0.734 ;27.2 ;0.0 ;0.900 ;0 ;5.35 ;34.2 ;0 ;20 ;29.7;
131 ;1:23.10 ;4391 ;14 ;0.733 ;25.8 ;0.0 ;0.900 ;0 ;4.42 ;33.6 ;0 ;16 ;27.6;
131 ;1:23.20 ;4375 ;11 ;0.730 ;25.0 ;0.0 ;0.900 ;0 ;4.18 ;31.6 ;0 ;15 ;26.8;
131 ;1:23.30 ;4233 ;9 ;0.726 ;25.7 ;0.0 ;0.900 ;0 ;4.18 ;28.2 ;0 ;14 ;27.6;
131 ;1:23.40 ;4263 ;9 ;0.732 ;24.2 ;0.0 ;0.900 ;0 ;4.18 ;28.5 ;0 ;15 ;28.0;
131 ;1:23.50 ;4204 ;9 ;0.733 ;23.5 ;0.0 ;0.900 ;0 ;4.18 ;27.9 ;0 ;14 ;27.7;
131 ;1:23.60 ;4111 ;8 ;0.739 ;23.3 ;0.0 ;0.900 ;0 ;4.18 ;26.1 ;0 ;14 ;27.2;
131 ;1:23.70 ;4172 ;8 ;0.763 ;23.0 ;0.0 ;0.900 ;0 ;4.18 ;26.7 ;0 ;14 ;28.3;
131 ;1:23.80 ;4248 ;8 ;0.763 ;23.6 ;0.0 ;0.900 ;0 ;4.18 ;27.4 ;0 ;14 ;31.1;
131 ;1:23.90 ;4228 ;8 ;0.781 ;21.5 ;0.0 ;0.900 ;0 ;4.18 ;27.2 ;0 ;14 ;26.0;
131 ;1:24.00 ;3743 ;7 ;0.775 ;21.9 ;0.0 ;0.900 ;0 ;4.03 ;22.9 ;0 ;12 ;24.5;
131 ;1:24.10 ;3824 ;5 ;0.779 ;22.7 ;0.0 ;0.900 ;0 ;3.75 ;21.5 ;0 ;12 ;25.1;
131 ;1:24.20 ;3939 ;5 ;0.780 ;22.3 ;0.0 ;0.900 ;0 ;3.75 ;22.3 ;0 ;12 ;23.3;
131 ;1:24.30 ;3616 ;5 ;0.782 ;22.5 ;0.0 ;0.900 ;0 ;3.75 ;20.3 ;0 ;11 ;25.4;
131 ;1:24.40 ;3826 ;5 ;0.794 ;21.2 ;0.0 ;0.900 ;0 ;3.75 ;21.6 ;0 ;11 ;24.4;
131 ;1:24.50 ;3761 ;5 ;0.794 ;22.1 ;0.0 ;0.900 ;0 ;3.75 ;21.2 ;0 ;11 ;23.8;
131 ;1:24.60 ;3564 ;5 ;0.797 ;21.4 ;0.0 ;0.900 ;0 ;3.75 ;19.9 ;0 ;11 ;25.0;
131 ;1:24.70 ;3732 ;5 ;0.790 ;20.8 ;0.0 ;0.900 ;0 ;3.75 ;21.0 ;0 ;11 ;25.6;
131 ;1:24.80 ;3735 ;5 ;0.775 ;20.9 ;0.0 ;0.900 ;0 ;3.75 ;21.0 ;0 ;11 ;26.5;
131 ;1:24.90 ;3926 ;5 ;0.779 ;21.0 ;0.0 ;0.900 ;0 ;3.75 ;22.2 ;0 ;12 ;23.3;
131 ;1:25.00 ;3430 ;5 ;0.773 ;21.0 ;0.0 ;0.900 ;0 ;3.75 ;19.1 ;0 ;10 ;20.9;
131 ;1:25.10 ;3434 ;5 ;0.770 ;22.9 ;0.0 ;0.900 ;0 ;3.75 ;19.1 ;0 ;10 ;27.1;
131 ;1:25.20 ;3774 ;5 ;0.811 ;19.5 ;0.0 ;0.900 ;0 ;3.75 ;21.3 ;0 ;11 ;27.6;
131 ;1:25.30 ;4238 ;4 ;0.832 ;20.6 ;0.0 ;0.900 ;0 ;3.61 ;23.9 ;0 ;12 ;26.3;
131 ;1:25.40 ;3933 ;4 ;0.814 ;20.5 ;0.0 ;0.900 ;0 ;3.61 ;21.5 ;0 ;11 ;14.7;
131 ;1:25.50 ;3187 ;1 ;0.798 ;23.0 ;0.0 ;0.900 ;0 ;2.77 ;11.6 ;0 ;7 ;16.0;
131 ;1:25.60 ;3415 ;1 ;0.803 ;21.8 ;0.0 ;0.900 ;0 ;2.80 ;12.2 ;0 ;7 ;16.7;
131 ;1:25.70 ;4016 ;0 ;0.886 ;23.3 ;0.0 ;0.900 ;0 ;2.65 ;11.0 ;0 ;9 ;21.7;
131 ;1:25.80 ;4214 ;0 ;0.926 ;19.3 ;0.0 ;0.900 ;0 ;2.65 ;11.8 ;0 ;9 ;21.2;
131 ;1:25.90 ;4281 ;0 ;0.892 ;20.2 ;0.0 ;0.900 ;0 ;2.65 ;12.1 ;0 ;9 ;16.9;
131 ;1:26.00 ;3665 ;0 ;0.897 ;20.7 ;0.0 ;0.900 ;0 ;2.58 ;10.6 ;0 ;7 ;17.0;
131 ;1:26.10 ;3797 ;0 ;0.949 ;21.7 ;0.0 ;0.900 ;0 ;2.61 ;10.7 ;0 ;8 ;20.3;
131 ;1:26.20 ;4585 ;0 ;0.967 ;22.1 ;0.0 ;0.900 ;0 ;2.65 ;13.3 ;0 ;10 ;20.4;
131 ;1:26.30 ;5001 ;0 ;0.993 ;24.5 ;0.0 ;0.900 ;0 ;2.65 ;15.0 ;0 ;11 ;19.6;
131 ;1:26.40 ;5369 ;0 ;0.980 ;26.2 ;0.0 ;0.900 ;0 ;2.65 ;16.8 ;0 ;12 ;20.7;
131 ;1:26.50 ;5284 ;0 ;0.931 ;29.1 ;0.0 ;0.900 ;0 ;2.65 ;16.4 ;0 ;11 ;19.2;
131 ;1:26.60 ;5524 ;0 ;0.873 ;28.6 ;0.0 ;0.900 ;0 ;2.65 ;17.6 ;0 ;12 ;20.1;
131 ;1:26.70 ;6009 ;0 ;0.875 ;29.8 ;0.0 ;0.900 ;0 ;2.65 ;20.0 ;0 ;13 ;19.8;
131 ;1:26.80 ;6202 ;0 ;0.892 ;31.9 ;0.0 ;0.900 ;0 ;2.65 ;22.0 ;0 ;13 ;16.6;
131 ;1:26.90 ;5532 ;0 ;0.892 ;33.7 ;0.0 ;0.900 ;0 ;2.65 ;17.6 ;0 ;12 ;14.9;
131 ;1:27.00 ;5075 ;0 ;0.915 ;34.2 ;0.0 ;0.900 ;0 ;2.65 ;15.3 ;0 ;11 ;14.5;
131 ;1:27.10 ;5281 ;0 ;0.898 ;35.4 ;0.0 ;0.900 ;0 ;2.65 ;16.4 ;0 ;11 ;14.7;
131 ;1:27.20 ;5627 ;0 ;0.891 ;38.0 ;0.0 ;0.900 ;0 ;2.65 ;18.1 ;0 ;12 ;12.4;
131 ;1:27.30 ;4907 ;0 ;0.925 ;39.4 ;0.0 ;0.900 ;0 ;2.65 ;14.6 ;0 ;10 ;12.0;
131 ;1:27.40 ;4900 ;0 ;0.959 ;40.2 ;0.0 ;0.900 ;0 ;2.65 ;14.6 ;0 ;10 ;12.6;
131 ;1:27.50 ;5211 ;0 ;1.064 ;45.1 ;0.0 ;0.900 ;0 ;2.65 ;16.0 ;0 ;11 ;12.3;
131 ;1:27.60 ;5338 ;0 ;1.070 ;44.2 ;0.0 ;0.900 ;0 ;2.65 ;16.6 ;0 ;11 ;12.0;
131 ;1:27.70 ;5286 ;0 ;1.087 ;44.7 ;0.0 ;0.900 ;0 ;2.65 ;16.4 ;0 ;11 ;11.5;
131 ;1:27.80 ;5322 ;0 ;1.091 ;44.0 ;0.0 ;0.900 ;0 ;2.65 ;16.6 ;0 ;11 ;11.5;
131 ;1:27.90 ;5504 ;0 ;1.088 ;48.0 ;0.0 ;0.900 ;0 ;2.65 ;17.5 ;0 ;12 ;12.2;
131 ;1:28.00 ;5826 ;0 ;1.066 ;48.2 ;0.0 ;0.900 ;0 ;2.65 ;19.1 ;0 ;13 ;11.4;
131 ;1:28.10 ;6007 ;0 ;1.060 ;49.2 ;0.0 ;0.900 ;0 ;2.65 ;20.0 ;0 ;13 ;12.0;
131 ;1:28.20 ;6011 ;0 ;1.068 ;50.9 ;0.0 ;0.900 ;0 ;2.65 ;20.1 ;0 ;13 ;12.3;
131 ;1:28.30 ;6101 ;0 ;1.076 ;51.4 ;0.0 ;0.900 ;0 ;2.65 ;21.0 ;0 ;13 ;12.5;
131 ;1:28.40 ;6206 ;0 ;1.060 ;49.1 ;0.0 ;0.900 ;0 ;2.65 ;22.0 ;0 ;13 ;11.3;
131 ;1:28.50 ;6317 ;0 ;1.009 ;55.6 ;0.0 ;0.900 ;0 ;2.65 ;23.1 ;0 ;14 ;11.4;
131 ;1:28.60 ;6405 ;0 ;0.902 ;52.5 ;0.0 ;0.900 ;0 ;2.65 ;24.0 ;0 ;14 ;11.9;
131 ;1:28.70 ;6492 ;0 ;0.797 ;56.3 ;0.0 ;0.900 ;0 ;2.65 ;24.9 ;0 ;14 ;10.7;
131 ;1:28.80 ;6202 ;0 ;0.742 ;55.1 ;0.0 ;0.900 ;0 ;2.65 ;22.0 ;0 ;13 ;11.9;
131 ;1:28.90 ;6478 ;0 ;0.682 ;56.4 ;0.0 ;0.900 ;0 ;2.65 ;24.7 ;0 ;14 ;24.2;
131 ;1:29.00 ;6747 ;28 ;0.674 ;54.0 ;0.0 ;0.900 ;0 ;5.25 ;45.8 ;0 ;29 ;28.7;
131 ;1:29.10 ;6644 ;72 ;0.694 ;55.2 ;0.0 ;0.900 ;0 ;6.08 ;36.8 ;0 ;34 ;27.6;
131 ;1:29.20 ;6410 ;74 ;0.694 ;54.4 ;0.0 ;0.900 ;0 ;6.22 ;35.1 ;0 ;33 ;28.6;
131 ;1:29.30 ;6038 ;74 ;0.792 ;51.3 ;0.0 ;0.900 ;0 ;6.43 ;32.9 ;0 ;32 ;30.0;
131 ;1:29.40 ;6062 ;72 ;0.853 ;49.2 ;0.0 ;0.900 ;0 ;6.41 ;33.3 ;0 ;32 ;28.2;
131 ;1:29.50 ;5994 ;66 ;0.819 ;48.1 ;0.0 ;0.900 ;0 ;6.44 ;33.1 ;0 ;32 ;29.8;
131 ;1:29.60 ;5797 ;57 ;0.791 ;47.0 ;0.0 ;0.900 ;0 ;6.46 ;33.6 ;0 ;31 ;30.1;
131 ;1:29.70 ;5712 ;48 ;0.800 ;45.9 ;0.0 ;0.900 ;0 ;6.39 ;34.1 ;0 ;30 ;27.4;
131 ;1:29.80 ;5314 ;39 ;0.784 ;42.7 ;0.0 ;0.900 ;0 ;6.33 ;34.5 ;0 ;28 ;28.3;
131 ;1:29.90 ;5221 ;32 ;0.781 ;42.2 ;0.0 ;0.900 ;0 ;6.13 ;34.9 ;0 ;26 ;30.8;
131 ;1:30.00 ;5422 ;31 ;0.783 ;39.9 ;0.0 ;0.900 ;0 ;6.02 ;34.9 ;0 ;27 ;29.5;
131 ;1:30.10 ;5260 ;31 ;0.917 ;39.9 ;0.0 ;0.900 ;0 ;6.07 ;34.9 ;0 ;27 ;31.8;
131 ;1:30.20 ;5514 ;33 ;0.794 ;38.9 ;0.0 ;0.900 ;0 ;6.03 ;35.0 ;0 ;29 ;28.9;
131 ;1:30.30 ;5103 ;29 ;0.816 ;39.7 ;0.0 ;0.900 ;0 ;6.03 ;34.6 ;1 ;26 ;33.9;
131 ;1:30.40 ;5680 ;29 ;0.832 ;38.8 ;0.0 ;0.900 ;0 ;5.85 ;35.2 ;0 ;27 ;32.2;
131 ;1:30.50 ;5360 ;29 ;0.823 ;37.2 ;0.0 ;0.900 ;0 ;5.95 ;34.9 ;0 ;26 ;34.3;
131 ;1:30.60 ;5196 ;30 ;0.810 ;34.5 ;0.0 ;0.900 ;0 ;6.05 ;34.8 ;0 ;26 ;35.9;
131 ;1:30.70 ;5357 ;32 ;0.896 ;33.7 ;0.0 ;0.900 ;0 ;6.08 ;34.9 ;0 ;27 ;38.9;
131 ;1:30.80 ;5490 ;32 ;0.766 ;31.6 ;0.0 ;0.900 ;0 ;6.03 ;35.0 ;0 ;28 ;40.8;
131 ;1:30.90 ;5994 ;32 ;0.763 ;32.3 ;0.0 ;0.900 ;0 ;5.81 ;36.0 ;1 ;29 ;44.4;
131 ;1:31.00 ;6514 ;31 ;0.757 ;29.9 ;0.0 ;0.900 ;0 ;5.53 ;41.2 ;0 ;30 ;40.6;
131 ;1:31.10 ;5892 ;30 ;0.833 ;31.5 ;0.0 ;0.900 ;0 ;5.81 ;35.3 ;0 ;28 ;45.4;
131 ;1:31.20 ;5824 ;30 ;0.871 ;28.4 ;0.0 ;0.900 ;0 ;5.84 ;35.3 ;0 ;28 ;47.0;
131 ;1:31.30 ;5615 ;30 ;0.885 ;26.8 ;0.0 ;0.900 ;0 ;5.91 ;35.1 ;0 ;27 ;44.9;
131 ;1:31.40 ;5352 ;29 ;0.826 ;26.7 ;0.0 ;0.900 ;0 ;5.95 ;34.8 ;0 ;27 ;46.7;
131 ;1:31.50 ;5178 ;27 ;0.779 ;24.8 ;0.0 ;0.900 ;0 ;5.91 ;34.6 ;0 ;25 ;46.0;
131 ;1:31.60 ;4884 ;23 ;0.753 ;22.8 ;0.0 ;0.900 ;0 ;5.71 ;34.5 ;0 ;23 ;39.7;
131 ;1:31.70 ;4577 ;20 ;0.755 ;23.8 ;0.0 ;0.900 ;0 ;5.48 ;33.7 ;0 ;21 ;32.0;
131 ;1:31.80 ;4170 ;15 ;0.760 ;23.9 ;0.0 ;0.900 ;0 ;4.64 ;31.5 ;0 ;16 ;23.5;
131 ;1:31.90 ;3906 ;6 ;0.754 ;23.5 ;0.0 ;0.900 ;0 ;3.89 ;22.9 ;0 ;12 ;24.7;
131 ;1:32.00 ;4216 ;5 ;0.768 ;22.9 ;0.0 ;0.900 ;0 ;3.75 ;24.5 ;0 ;13 ;23.8;
131 ;1:32.10 ;4119 ;4 ;0.758 ;24.0 ;0.0 ;0.900 ;0 ;3.61 ;22.9 ;0 ;12 ;22.2;
131 ;1:32.20 ;3858 ;4 ;0.745 ;23.7 ;0.0 ;0.900 ;0 ;3.61 ;21.0 ;0 ;11 ;21.0;
131 ;1:32.30 ;3984 ;3 ;0.752 ;23.7 ;0.0 ;0.900 ;0 ;3.36 ;19.0 ;0 ;11 ;22.6;
131 ;1:32.40 ;4124 ;3 ;0.773 ;23.0 ;0.0 ;0.900 ;0 ;3.37 ;20.0 ;0 ;11 ;22.5;
131 ;1:32.50 ;4129 ;3 ;0.762 ;23.1 ;0.0 ;0.900 ;0 ;3.37 ;20.1 ;0 ;11 ;19.8;
131 ;1:32.60 ;4035 ;3 ;0.759 ;25.7 ;0.0 ;0.900 ;0 ;3.37 ;19.4 ;0 ;11 ;21.5;
131 ;1:32.70 ;4145 ;3 ;0.771 ;24.1 ;0.0 ;0.900 ;0 ;3.37 ;20.2 ;0 ;11 ;22.3;
131 ;1:32.80 ;4139 ;3 ;0.768 ;23.3 ;0.0 ;0.900 ;0 ;3.37 ;20.2 ;0 ;11 ;19.8;
131 ;1:32.90 ;4126 ;2 ;0.758 ;23.6 ;0.0 ;0.900 ;0 ;3.13 ;17.2 ;0 ;10 ;20.3;
131 ;1:33.00 ;4162 ;2 ;0.751 ;24.1 ;0.0 ;0.900 ;0 ;3.13 ;17.4 ;0 ;10 ;20.6;
131 ;1:33.10 ;4217 ;2 ;0.753 ;24.2 ;0.0 ;0.900 ;0 ;3.13 ;17.7 ;0 ;11 ;20.8;
131 ;1:33.20 ;4231 ;3 ;0.759 ;23.8 ;0.0 ;0.900 ;0 ;3.37 ;20.8 ;0 ;12 ;22.1;
131 ;1:33.30 ;4204 ;3 ;0.768 ;23.9 ;0.0 ;0.900 ;0 ;3.37 ;20.6 ;0 ;11 ;24.1;
131 ;1:33.40 ;4217 ;5 ;0.783 ;24.3 ;0.0 ;0.900 ;0 ;3.75 ;24.5 ;0 ;13 ;25.3;
131 ;1:33.50 ;4084 ;7 ;0.787 ;23.7 ;0.0 ;0.900 ;0 ;4.03 ;25.0 ;0 ;13 ;31.2;
131 ;1:33.60 ;4399 ;9 ;0.791 ;22.4 ;0.0 ;0.900 ;0 ;4.18 ;29.8 ;0 ;15 ;28.9;
131 ;1:33.70 ;4355 ;9 ;0.780 ;22.9 ;0.0 ;0.900 ;0 ;4.18 ;29.4 ;0 ;15 ;30.5;
131 ;1:33.80 ;4236 ;9 ;0.791 ;21.6 ;0.0 ;0.900 ;0 ;4.18 ;28.2 ;0 ;14 ;29.9;
131 ;1:33.90 ;4138 ;9 ;0.821 ;21.4 ;0.0 ;0.900 ;0 ;4.18 ;27.3 ;0 ;14 ;30.3;
131 ;1:34.00 ;3880 ;7 ;0.836 ;20.4 ;0.0 ;0.900 ;0 ;4.03 ;23.6 ;0 ;13 ;22.7;
131 ;1:34.10 ;3700 ;6 ;0.837 ;23.7 ;0.0 ;0.900 ;0 ;3.89 ;21.8 ;0 ;12 ;19.1;
131 ;1:34.20 ;3625 ;2 ;0.837 ;22.3 ;0.0 ;0.900 ;0 ;3.09 ;14.9 ;0 ;9 ;17.1;
131 ;1:34.30 ;3828 ;0 ;0.824 ;21.6 ;0.0 ;0.900 ;0 ;2.61 ;10.8 ;0 ;8 ;19.3;
131 ;1:34.40 ;4038 ;0 ;0.814 ;20.8 ;0.0 ;0.900 ;0 ;2.65 ;11.1 ;0 ;9 ;18.6;
131 ;1:34.50 ;4080 ;0 ;0.833 ;20.8 ;0.0 ;0.900 ;0 ;2.65 ;11.3 ;0 ;9 ;19.9;
131 ;1:34.60 ;4092 ;0 ;0.849 ;20.6 ;0.0 ;0.900 ;0 ;2.65 ;11.3 ;0 ;9 ;20.7;
131 ;1:34.70 ;4267 ;0 ;0.870 ;20.2 ;0.0 ;0.900 ;0 ;2.65 ;12.0 ;0 ;9 ;20.2;
131 ;1:34.80 ;4412 ;0 ;0.908 ;21.4 ;0.0 ;0.900 ;0 ;2.65 ;12.6 ;0 ;9 ;18.5;
131 ;1:34.90 ;4307 ;0 ;0.914 ;23.2 ;0.0 ;0.900 ;0 ;2.65 ;12.2 ;0 ;9 ;20.0;
131 ;1:35.00 ;4657 ;0 ;0.935 ;22.9 ;0.0 ;0.900 ;0 ;2.65 ;13.6 ;0 ;10 ;19.0;
131 ;1:35.10 ;4604 ;0 ;0.966 ;23.7 ;0.0 ;0.900 ;0 ;2.65 ;13.4 ;0 ;10 ;19.7;
131 ;1:35.20 ;4695 ;0 ;0.996 ;25.2 ;0.0 ;0.900 ;0 ;2.65 ;13.7 ;0 ;10 ;19.7;
131 ;1:35.30 ;5176 ;0 ;0.987 ;25.8 ;0.0 ;0.900 ;0 ;2.65 ;15.8 ;0 ;11 ;20.5;
131 ;1:35.40 ;5517 ;0 ;0.957 ;26.7 ;0.0 ;0.900 ;0 ;2.65 ;17.5 ;0 ;12 ;19.2;
131 ;1:35.50 ;5598 ;0 ;0.985 ;28.6 ;0.0 ;0.900 ;0 ;2.65 ;17.9 ;0 ;12 ;19.3;
131 ;1:35.60 ;5857 ;0 ;0.981 ;28.9 ;0.0 ;0.900 ;0 ;2.65 ;19.2 ;0 ;13 ;19.0;
131 ;1:35.70 ;5894 ;0 ;0.974 ;30.3 ;0.0 ;0.900 ;0 ;2.65 ;19.4 ;0 ;13 ;15.9;
131 ;1:35.80 ;5463 ;0 ;1.012 ;33.8 ;0.0 ;0.900 ;0 ;2.65 ;17.3 ;0 ;12 ;17.6;
131 ;1:35.90 ;5857 ;0 ;1.047 ;32.9 ;0.0 ;0.900 ;0 ;2.65 ;19.2 ;0 ;12 ;16.5;
131 ;1:36.00 ;5806 ;0 ;1.049 ;34.8 ;0.0 ;0.900 ;0 ;2.65 ;19.0 ;0 ;12 ;13.3;
131 ;1:36.10 ;5433 ;0 ;1.091 ;36.0 ;0.0 ;0.900 ;0 ;2.65 ;17.1 ;0 ;12 ;13.9;
131 ;1:36.20 ;5405 ;0 ;1.091 ;39.2 ;0.0 ;0.900 ;0 ;2.65 ;17.0 ;0 ;12 ;15.7;
131 ;1:36.30 ;5711 ;0 ;1.076 ;36.1 ;0.0 ;0.900 ;0 ;2.65 ;18.5 ;0 ;12 ;13.6;
131 ;1:36.40 ;6133 ;0 ;1.089 ;44.6 ;0.0 ;0.900 ;0 ;2.65 ;21.3 ;0 ;13 ;14.0;
131 ;1:36.50 ;6345 ;0 ;1.097 ;44.6 ;0.0 ;0.900 ;0 ;2.65 ;23.4 ;0 ;14 ;14.4;
131 ;1:36.60 ;6419 ;0 ;1.073 ;44.2 ;0.0 ;0.900 ;0 ;2.65 ;24.1 ;0 ;14 ;14.1;
131 ;1:36.70 ;6653 ;0 ;1.006 ;48.0 ;0.0 ;0.900 ;0 ;2.65 ;26.5 ;0 ;14 ;13.8;
131 ;1:36.80 ;6786 ;0 ;0.920 ;49.0 ;0.0 ;0.900 ;0 ;2.65 ;27.8 ;0 ;15 ;14.0;
131 ;1:36.90 ;6751 ;0 ;0.845 ;48.5 ;0.0 ;0.900 ;0 ;2.65 ;27.5 ;0 ;15 ;13.1;
131 ;1:37.00 ;6686 ;0 ;0.724 ;51.1 ;0.0 ;0.900 ;0 ;2.65 ;26.8 ;0 ;14 ;18.6;
131 ;1:37.10 ;7327 ;10 ;0.699 ;52.3 ;0.0 ;0.900 ;0 ;3.51 ;57.2 ;0 ;21 ;21.4;
131 ;1:37.20 ;7205 ;14 ;0.685 ;50.2 ;0.0 ;0.900 ;0 ;3.91 ;56.2 ;0 ;23 ;29.9;
131 ;1:37.30 ;7649 ;25 ;0.700 ;51.1 ;0.0 ;0.900 ;0 ;5.28 ;54.1 ;0 ;34 ;25.6;
131 ;1:37.40 ;7181 ;28 ;0.692 ;50.0 ;0.0 ;0.900 ;0 ;5.18 ;50.5 ;0 ;31 ;27.1;
131 ;1:37.50 ;7083 ;28 ;0.684 ;50.9 ;0.0 ;0.900 ;0 ;5.13 ;49.9 ;0 ;30 ;32.1;
131 ;1:37.60 ;7315 ;33 ;0.715 ;47.2 ;0.0 ;0.900 ;0 ;5.49 ;49.0 ;0 ;33 ;28.7;
131 ;1:37.70 ;6526 ;33 ;0.688 ;49.6 ;0.0 ;0.900 ;0 ;5.61 ;40.5 ;0 ;30 ;34.6;
131 ;1:37.80 ;7376 ;34 ;0.703 ;45.5 ;0.0 ;0.900 ;0 ;5.54 ;49.6 ;0 ;34 ;35.7;
131 ;1:37.90 ;7597 ;33 ;0.736 ;43.1 ;0.0 ;0.900 ;0 ;5.61 ;52.4 ;0 ;35 ;29.2;
131 ;1:38.00 ;6121 ;29 ;0.728 ;47.5 ;0.0 ;0.900 ;0 ;5.67 ;37.0 ;0 ;29 ;27.1;
131 ;1:38.10 ;6133 ;23 ;0.775 ;45.3 ;0.0 ;0.900 ;0 ;5.37 ;39.2 ;0 ;28 ;28.1;
131 ;1:38.20 ;7142 ;20 ;0.879 ;44.3 ;0.0 ;0.900 ;0 ;4.66 ;53.1 ;0 ;28 ;27.0;
131 ;1:38.30 ;6682 ;19 ;1.024 ;44.9 ;0.0 ;0.900 ;0 ;4.73 ;48.4 ;0 ;26 ;18.3;
131 ;1:38.40 ;5668 ;11 ;0.857 ;45.1 ;0.0 ;0.900 ;0 ;3.95 ;48.6 ;0 ;18 ;19.4;
131 ;1:38.50 ;6875 ;13 ;0.741 ;46.7 ;0.0 ;0.900 ;0 ;3.73 ;56.0 ;0 ;21 ;31.3;
131 ;1:38.60 ;9101 ;18 ;0.734 ;46.5 ;0.0 ;0.900 ;0 ;4.51 ;52.9 ;0 ;34 ;52.0;
131 ;1:38.70 ;9931 ;37 ;0.786 ;43.0 ;0.0 ;0.900 ;0 ;6.18 ;44.4 ;0 ;52 ;71.2;
131 ;1:38.80 ;10469 ;53 ;0.699 ;48.4 ;0.0 ;0.900 ;0 ;7.07 ;43.8 ;0 ;62 ;68.6;
131 ;1:38.90 ;10451 ;54 ;0.745 ;41.1 ;0.0 ;0.900 ;0 ;7.08 ;43.6 ;0 ;62 ;60.2;
131 ;1:39.00 ;9546 ;54 ;0.783 ;41.5 ;0.0 ;0.900 ;0 ;6.73 ;43.6 ;0 ;54 ;45.5;
131 ;1:39.10 ;8296 ;54 ;0.765 ;43.0 ;0.0 ;0.900 ;0 ;6.17 ;48.5 ;0 ;42 ;42.4;
131 ;1:39.20 ;7211 ;54 ;0.837 ;41.6 ;0.0 ;0.900 ;0 ;5.85 ;43.2 ;0 ;35 ;38.8;
131 ;1:39.30 ;6637 ;54 ;0.717 ;38.6 ;0.0 ;0.900 ;0 ;6.01 ;38.5 ;0 ;34 ;40.5;
131 ;1:39.40 ;6734 ;51 ;0.703 ;37.4 ;0.0 ;0.900 ;0 ;5.92 ;39.6 ;1 ;34 ;46.3;
131 ;1:39.50 ;7244 ;51 ;0.703 ;37.3 ;0.0 ;0.900 ;0 ;5.83 ;43.9 ;0 ;35 ;45.4;
131 ;1:39.60 ;7043 ;50 ;0.704 ;34.2 ;0.0 ;0.900 ;0 ;5.77 ;42.4 ;0 ;34 ;42.6;
131 ;1:39.70 ;6674 ;49 ;0.745 ;30.9 ;0.0 ;0.900 ;0 ;5.93 ;39.5 ;0 ;33 ;46.1;
131 ;1:39.80 ;6250 ;44 ;0.783 ;31.8 ;0.0 ;0.900 ;0 ;6.11 ;36.7 ;0 ;32 ;47.6;
131 ;1:39.90 ;5971 ;40 ;0.805 ;29.3 ;0.0 ;0.900 ;0 ;6.19 ;34.8 ;0 ;31 ;45.7;
131 ;1:40.00 ;5719 ;32 ;0.779 ;29.0 ;0.0 ;0.900 ;0 ;5.95 ;35.1 ;0 ;28 ;43.0;
131 ;1:40.10 ;5445 ;27 ;0.729 ;27.9 ;0.0 ;0.900 ;0 ;5.83 ;34.9 ;0 ;26 ;44.6;
131 ;1:40.20 ;5265 ;25 ;0.733 ;26.0 ;0.0 ;0.900 ;0 ;5.80 ;34.6 ;0 ;25 ;40.0;
131 ;1:40.30 ;4919 ;19 ;0.736 ;25.2 ;0.0 ;0.900 ;0 ;5.44 ;36.2 ;0 ;22 ;33.3;
131 ;1:40.40 ;4860 ;15 ;0.729 ;25.1 ;0.0 ;0.900 ;0 ;4.68 ;37.3 ;0 ;19 ;28.9;
131 ;1:40.50 ;4667 ;11 ;0.733 ;26.8 ;0.0 ;0.900 ;0 ;4.19 ;34.4 ;0 ;16 ;27.9;
131 ;1:40.60 ;4626 ;11 ;0.720 ;25.7 ;0.0 ;0.900 ;0 ;4.19 ;34.0 ;0 ;16 ;27.9;
131 ;1:40.70 ;4579 ;11 ;0.736 ;26.1 ;0.0 ;0.900 ;0 ;4.19 ;33.6 ;0 ;16 ;28.8;
131 ;1:40.80 ;4720 ;11 ;0.744 ;26.0 ;0.0 ;0.900 ;0 ;4.19 ;35.0 ;0 ;16 ;29.1;
131 ;1:40.90 ;4811 ;11 ;0.778 ;25.4 ;0.0 ;0.900 ;0 ;4.20 ;35.9 ;0 ;17 ;29.2;
131 ;1:41.00 ;4758 ;11 ;0.791 ;25.6 ;0.0 ;0.900 ;0 ;4.19 ;35.3 ;0 ;16 ;31.3;
131 ;1:41.10 ;4701 ;10 ;0.794 ;24.5 ;0.0 ;0.900 ;0 ;4.19 ;33.8 ;0 ;16 ;29.6;
131 ;1:41.20 ;4481 ;10 ;0.785 ;24.5 ;0.0 ;0.900 ;0 ;4.18 ;31.7 ;0 ;15 ;28.2;
131 ;1:41.30 ;4156 ;10 ;0.783 ;24.2 ;0.0 ;0.900 ;0 ;4.18 ;28.5 ;0 ;14 ;26.4;
131 ;1:41.40 ;3939 ;10 ;0.781 ;22.7 ;0.0 ;0.900 ;0 ;4.18 ;26.8 ;0 ;13 ;28.3;
131 ;1:41.50 ;3884 ;9 ;0.780 ;21.5 ;0.0 ;0.900 ;0 ;4.18 ;25.6 ;0 ;13 ;27.3;
131 ;1:41.60 ;3833 ;7 ;0.783 ;21.2 ;0.0 ;0.900 ;0 ;4.03 ;23.4 ;0 ;12 ;23.8;
131 ;1:41.70 ;3722 ;5 ;0.795 ;21.8 ;0.0 ;0.900 ;0 ;3.75 ;20.9 ;0 ;11 ;24.0;
131 ;1:41.80 ;3726 ;5 ;0.802 ;22.1 ;0.0 ;0.900 ;0 ;3.75 ;20.9 ;0 ;11 ;24.0;
131 ;1:41.90 ;3677 ;5 ;0.816 ;21.6 ;0.0 ;0.900 ;0 ;3.75 ;20.7 ;0 ;11 ;24.2;
131 ;1:42.00 ;3771 ;5 ;0.801 ;21.9 ;0.0 ;0.900 ;0 ;3.75 ;21.2 ;0 ;11 ;26.8;
131 ;1:42.10 ;3817 ;5 ;0.801 ;21.0 ;0.0 ;0.900 ;0 ;3.75 ;21.5 ;0 ;12 ;25.5;
131 ;1:42.20 ;3818 ;5 ;0.798 ;21.3 ;0.0 ;0.900 ;0 ;3.75 ;21.5 ;0 ;11 ;22.8;
131 ;1:42.30 ;3394 ;5 ;0.795 ;21.4 ;0.0 ;0.900 ;0 ;3.75 ;18.9 ;0 ;10 ;22.0;
131 ;1:42.40 ;3371 ;5 ;0.820 ;21.8 ;0.0 ;0.900 ;0 ;3.75 ;18.7 ;0 ;10 ;26.9;
131 ;1:42.50 ;3895 ;5 ;0.833 ;20.4 ;0.0 ;0.900 ;0 ;3.75 ;22.0 ;0 ;12 ;23.5;
131 ;1:42.60 ;3771 ;4 ;0.868 ;21.7 ;0.0 ;0.900 ;0 ;3.61 ;20.3 ;0 ;11 ;18.9;
131 ;1:42.70 ;3750 ;1 ;0.866 ;20.8 ;0.0 ;0.900 ;0 ;2.85 ;13.0 ;0 ;8 ;16.6;
131 ;1:42.80 ;3755 ;0 ;0.844 ;22.2 ;0.0 ;0.900 ;0 ;2.60 ;10.7 ;0 ;8 ;16.9;
131 ;1:42.90 ;3805 ;0 ;0.847 ;24.1 ;0.0 ;0.900 ;0 ;2.61 ;10.8 ;0 ;8 ;16.0;
131 ;1:43.00 ;3886 ;0 ;0.835 ;23.7 ;0.0 ;0.900 ;0 ;2.62 ;10.8 ;0 ;8 ;16.9;
131 ;1:43.10 ;4079 ;0 ;0.843 ;22.3 ;0.0 ;0.900 ;0 ;2.65 ;11.3 ;0 ;9 ;18.1;
131 ;1:43.20 ;4245 ;0 ;0.855 ;23.6 ;0.0 ;0.900 ;0 ;2.65 ;11.9 ;0 ;9 ;17.4;
131 ;1:43.30 ;4409 ;0 ;0.862 ;23.5 ;0.0 ;0.900 ;0 ;2.65 ;12.6 ;0 ;9 ;19.2;
131 ;1:43.40 ;4562 ;0 ;0.862 ;25.2 ;0.0 ;0.900 ;0 ;2.65 ;13.2 ;0 ;10 ;19.4;
131 ;1:43.50 ;4620 ;0 ;0.857 ;24.1 ;0.0 ;0.900 ;0 ;2.65 ;13.4 ;0 ;10 ;19.0;
131 ;1:43.60 ;4739 ;0 ;0.856 ;23.3 ;0.0 ;0.900 ;0 ;2.65 ;13.9 ;0 ;10 ;19.8;
131 ;1:43.70 ;4780 ;0 ;0.878 ;24.1 ;0.0 ;0.900 ;0 ;2.65 ;14.1 ;0 ;10 ;20.3;
131 ;1:43.80 ;5021 ;0 ;0.909 ;24.6 ;0.0 ;0.900 ;0 ;2.65 ;15.1 ;0 ;11 ;19.3;
131 ;1:43.90 ;4969 ;0 ;0.926 ;25.0 ;0.0 ;0.900 ;0 ;2.65 ;14.8 ;0 ;11 ;19.2;
131 ;1:44.00 ;5243 ;0 ;0.916 ;27.0 ;0.0 ;0.900 ;0 ;2.65 ;16.2 ;0 ;11 ;20.5;
131 ;1:44.10 ;5165 ;0 ;0.925 ;25.3 ;0.0 ;0.900 ;0 ;2.65 ;15.8 ;0 ;11 ;19.6;
131 ;1:44.20 ;5452 ;0 ;0.951 ;27.5 ;0.0 ;0.900 ;0 ;2.65 ;17.2 ;0 ;12 ;20.7;
131 ;1:44.30 ;5630 ;0 ;0.961 ;28.4 ;0.0 ;0.900 ;0 ;2.65 ;18.1 ;0 ;12 ;17.0;
131 ;1:44.40 ;4925 ;0 ;0.967 ;29.3 ;0.0 ;0.900 ;0 ;2.65 ;14.7 ;0 ;10 ;16.3;
131 ;1:44.50 ;5208 ;0 ;0.986 ;34.4 ;0.0 ;0.900 ;0 ;2.65 ;16.0 ;0 ;11 ;16.8;
131 ;1:44.60 ;5553 ;0 ;1.025 ;32.7 ;0.0 ;0.900 ;0 ;2.65 ;17.7 ;0 ;12 ;17.2;
131 ;1:44.70 ;5656 ;0 ;1.048 ;37.7 ;0.0 ;0.900 ;0 ;2.65 ;18.2 ;0 ;12 ;14.8;
131 ;1:44.80 ;5253 ;0 ;1.067 ;37.2 ;0.0 ;0.900 ;0 ;2.65 ;16.2 ;0 ;11 ;14.1;
131 ;1:44.90 ;5162 ;0 ;1.081 ;36.8 ;0.0 ;0.900 ;0 ;2.65 ;15.8 ;0 ;11 ;12.7;
131 ;1:45.00 ;5463 ;0 ;1.090 ;42.2 ;0.0 ;0.900 ;0 ;2.65 ;17.3 ;0 ;12 ;13.6;
131 ;1:45.10 ;5950 ;0 ;1.097 ;41.0 ;0.0 ;0.900 ;0 ;2.65 ;19.7 ;0 ;13 ;14.6;
131 ;1:45.20 ;6214 ;0 ;1.055 ;41.6 ;0.0 ;0.900 ;0 ;2.65 ;22.1 ;0 ;13 ;13.8;
131 ;1:45.30 ;6264 ;0 ;1.062 ;43.9 ;0.0 ;0.900 ;0 ;2.65 ;22.6 ;0 ;14 ;14.5;
131 ;1:45.40 ;6375 ;0 ;1.062 ;47.1 ;0.0 ;0.900 ;0 ;2.65 ;23.7 ;0 ;14 ;13.3;
131 ;1:45.50 ;6449 ;0 ;1.072 ;45.4 ;0.0 ;0.900 ;0 ;2.65 ;24.4 ;0 ;14 ;13.7;
131 ;1:45.60 ;6467 ;0 ;0.972 ;46.7 ;0.0 ;0.900 ;0 ;2.65 ;24.6 ;0 ;14 ;14.5;
131 ;1:45.70 ;6756 ;0 ;0.850 ;51.6 ;0.0 ;0.900 ;0 ;2.65 ;27.5 ;0 ;15 ;12.9;
131 ;1:45.80 ;6764 ;0 ;0.732 ;52.8 ;0.0 ;0.900 ;0 ;2.65 ;27.6 ;0 ;15 ;13.5;
131 ;1:45.90 ;7275 ;1 ;0.692 ;53.4 ;0.0 ;0.900 ;0 ;2.89 ;35.4 ;0 ;17 ;19.0;
131 ;1:46.00 ;7524 ;12 ;0.682 ;51.7 ;0.0 ;0.900 ;0 ;3.77 ;58.0 ;0 ;23 ;32.8;
131 ;1:46.10 ;7643 ;34 ;0.698 ;50.0 ;0.0 ;0.900 ;0 ;5.65 ;52.8 ;0 ;36 ;30.3;
131 ;1:46.20 ;7533 ;37 ;0.694 ;50.3 ;0.0 ;0.900 ;0 ;5.69 ;51.0 ;0 ;36 ;29.9;
131 ;1:46.30 ;7183 ;37 ;0.687 ;48.8 ;0.0 ;0.900 ;0 ;5.55 ;47.0 ;0 ;33 ;31.9;
131 ;1:46.40 ;7200 ;37 ;0.683 ;46.6 ;0.0 ;0.900 ;0 ;5.56 ;47.2 ;0 ;33 ;31.3;
131 ;1:46.50 ;6835 ;38 ;0.687 ;49.5 ;0.0 ;0.900 ;0 ;5.61 ;43.3 ;0 ;32 ;31.5;
131 ;1:46.60 ;6893 ;38 ;0.688 ;48.7 ;0.0 ;0.900 ;0 ;5.58 ;43.9 ;0 ;32 ;31.3;
131 ;1:46.70 ;6574 ;40 ;0.700 ;44.6 ;0.0 ;0.900 ;0 ;5.83 ;40.6 ;0 ;32 ;32.2;
131 ;1:46.80 ;6266 ;40 ;0.701 ;44.7 ;0.0 ;0.900 ;0 ;6.02 ;37.5 ;0 ;31 ;35.6;
131 ;1:46.90 ;6684 ;41 ;0.709 ;44.5 ;0.0 ;0.900 ;0 ;5.81 ;41.6 ;0 ;32 ;34.6;
131 ;1:47.00 ;6173 ;41 ;0.722 ;41.3 ;0.0 ;0.900 ;0 ;6.12 ;36.5 ;0 ;31 ;34.6;
131 ;1:47.10 ;6027 ;35 ;0.702 ;44.9 ;0.0 ;0.900 ;0 ;5.97 ;35.2 ;0 ;29 ;33.1;
131 ;1:47.20 ;6220 ;32 ;0.752 ;40.8 ;0.0 ;0.900 ;0 ;5.74 ;37.4 ;0 ;30 ;32.4;
131 ;1:47.30 ;5899 ;30 ;0.748 ;40.3 ;0.0 ;0.900 ;0 ;5.81 ;35.3 ;0 ;28 ;32.8;
131 ;1:47.40 ;5588 ;30 ;0.714 ;38.4 ;0.0 ;0.900 ;0 ;5.91 ;35.1 ;0 ;27 ;34.1;
131 ;1:47.50 ;5753 ;30 ;0.701 ;38.2 ;0.0 ;0.900 ;0 ;5.86 ;35.2 ;0 ;27 ;34.2;
131 ;1:47.60 ;5890 ;31 ;0.717 ;38.5 ;0.0 ;0.900 ;0 ;5.86 ;35.2 ;0 ;28 ;37.4;
131 ;1:47.70 ;5868 ;32 ;0.709 ;35.2 ;0.0 ;0.900 ;0 ;5.90 ;35.1 ;0 ;28 ;37.7;
131 ;1:47.80 ;5973 ;32 ;0.700 ;35.5 ;0.0 ;0.900 ;0 ;5.87 ;35.1 ;0 ;28 ;41.1;
131 ;1:47.90 ;5821 ;32 ;0.716 ;31.3 ;0.0 ;0.900 ;0 ;5.92 ;35.1 ;0 ;29 ;42.4;
131 ;1:48.00 ;5973 ;32 ;0.735 ;30.4 ;0.0 ;0.900 ;0 ;5.87 ;35.1 ;0 ;29 ;44.8;
131 ;1:48.10 ;6218 ;32 ;0.884 ;30.2 ;0.0 ;0.900 ;0 ;5.80 ;36.2 ;0 ;29 ;48.2;
131 ;1:48.20 ;6373 ;32 ;0.760 ;28.2 ;0.0 ;0.900 ;0 ;5.68 ;38.7 ;0 ;30 ;43.0;
131 ;1:48.30 ;5837 ;32 ;0.735 ;28.1 ;0.0 ;0.900 ;0 ;5.91 ;35.1 ;1 ;29 ;43.6;
131 ;1:48.40 ;5751 ;30 ;0.708 ;27.4 ;0.0 ;0.900 ;0 ;5.86 ;35.2 ;0 ;28 ;42.8;
131 ;1:48.50 ;5714 ;27 ;0.723 ;29.4 ;0.0 ;0.900 ;0 ;5.75 ;35.3 ;0 ;27 ;47.8;
131 ;1:48.60 ;5649 ;26 ;0.736 ;28.5 ;0.0 ;0.900 ;0 ;5.73 ;35.3 ;0 ;27 ;46.6;
131 ;1:48.70 ;5595 ;24 ;0.733 ;25.7 ;0.0 ;0.900 ;0 ;5.63 ;35.8 ;0 ;26 ;47.1;
131 ;1:48.80 ;5375 ;22 ;0.726 ;24.2 ;0.0 ;0.900 ;0 ;5.56 ;36.3 ;0 ;25 ;43.6;
131 ;1:48.90 ;5117 ;21 ;0.746 ;24.5 ;0.0 ;0.900 ;0 ;5.56 ;36.2 ;0 ;23 ;39.3;
131 ;1:49.00 ;4826 ;16 ;0.747 ;23.3 ;0.0 ;0.900 ;0 ;4.91 ;36.8 ;0 ;19 ;36.2;
131 ;1:49.10 ;4712 ;15 ;0.757 ;22.9 ;0.0 ;0.900 ;0 ;4.67 ;36.2 ;0 ;18 ;34.3;
131 ;1:49.20 ;4580 ;14 ;0.777 ;22.4 ;0.0 ;0.900 ;0 ;4.43 ;35.3 ;0 ;16 ;32.3;
131 ;1:49.30 ;4281 ;13 ;0.738 ;21.3 ;0.0 ;0.900 ;0 ;4.19 ;32.7 ;0 ;15 ;32.2;
131 ;1:49.40 ;4225 ;13 ;0.726 ;20.6 ;0.0 ;0.900 ;0 ;4.19 ;32.1 ;0 ;14 ;33.3;
131 ;1:49.50 ;4154 ;13 ;0.717 ;20.1 ;0.0 ;0.900 ;0 ;4.18 ;31.4 ;0 ;14 ;26.4;
131 ;1:49.60 ;3432 ;12 ;0.728 ;20.4 ;0.0 ;0.900 ;0 ;4.18 ;28.5 ;0 ;12 ;34.2;
131 ;1:49.70 ;4037 ;12 ;0.730 ;18.4 ;0.0 ;0.900 ;0 ;4.18 ;29.3 ;0 ;14 ;38.8;
131 ;1:49.80 ;4177 ;12 ;0.735 ;17.0 ;0.0 ;0.900 ;0 ;4.18 ;30.6 ;0 ;14 ;39.1;
131 ;1:49.90 ;4236 ;12 ;0.732 ;17.1 ;0.0 ;0.900 ;0 ;4.18 ;31.2 ;0 ;14 ;41.8;
131 ;1:50.00 ;4284 ;11 ;0.724 ;15.8 ;0.0 ;0.900 ;0 ;4.18 ;30.7 ;0 ;14 ;44.3;
131 ;1:50.10 ;4296 ;11 ;0.717 ;15.1 ;0.0 ;0.900 ;0 ;4.18 ;30.8 ;0 ;15 ;46.2;
131 ;1:50.20 ;4279 ;11 ;0.717 ;14.7 ;0.0 ;0.900 ;0 ;4.18 ;30.7 ;0 ;15 ;47.1;
131 ;1:50.30 ;4267 ;11 ;0.722 ;13.3 ;0.0 ;0.900 ;0 ;4.18 ;30.5 ;0 ;14 ;53.1;
131 ;1:50.40 ;4237 ;11 ;0.717 ;12.6 ;0.0 ;0.900 ;0 ;4.18 ;30.2 ;0 ;14 ;53.1;
131 ;1:50.50 ;4306 ;11 ;0.729 ;11.6 ;0.0 ;0.900 ;0 ;4.18 ;30.9 ;0 ;15 ;57.9;
131 ;1:50.60 ;4407 ;11 ;0.726 ;11.9 ;0.0 ;0.900 ;0 ;4.19 ;31.9 ;0 ;15 ;70.3;
131 ;1:50.70 ;4797 ;11 ;0.716 ;10.8 ;0.0 ;0.900 ;0 ;4.19 ;35.7 ;0 ;16 ;79.2;
131 ;1:50.80 ;5067 ;11 ;0.716 ;10.5 ;0.0 ;0.900 ;0 ;4.18 ;38.8 ;0 ;17 ;85.2;
131 ;1:50.90 ;5203 ;11 ;0.715 ;9.5 ;0.0 ;0.900 ;0 ;4.13 ;41.0 ;0 ;18 ;90.1;
131 ;1:51.00 ;5307 ;11 ;0.715 ;9.1 ;0.0 ;0.900 ;0 ;4.09 ;42.7 ;0 ;18 ;96.4;
131 ;1:51.10 ;5347 ;11 ;0.710 ;8.5 ;0.0 ;0.900 ;0 ;4.08 ;43.3 ;0 ;18 ;102.5;
131 ;1:51.20 ;5377 ;11 ;0.703 ;8.0 ;0.0 ;0.900 ;0 ;4.06 ;43.9 ;0 ;18 ;118.5;
131 ;1:51.30 ;5442 ;11 ;0.711 ;7.0 ;0.0 ;0.900 ;0 ;4.04 ;44.9 ;0 ;18 ;129.6;
131 ;1:51.40 ;5508 ;11 ;0.724 ;6.4 ;0.0 ;0.900 ;0 ;4.01 ;46.0 ;0 ;18 ;150.0;
131 ;1:51.50 ;5635 ;11 ;0.745 ;5.6 ;0.0 ;0.900 ;0 ;3.96 ;48.0 ;0 ;18 ;171.4;
131 ;1:51.60 ;5637 ;11 ;0.747 ;4.9 ;0.0 ;0.900 ;0 ;3.96 ;48.1 ;0 ;18 ;200.0;
131 ;1:51.70 ;5337 ;11 ;0.749 ;4.1 ;0.0 ;0.900 ;0 ;4.08 ;43.2 ;0 ;18 ;195.1;
131 ;1:51.80 ;5066 ;11 ;0.757 ;4.1 ;0.0 ;0.900 ;0 ;4.19 ;38.8 ;0 ;17 ;275.0;
131 ;1:51.90 ;4867 ;11 ;0.736 ;2.8 ;0.0 ;0.900 ;0 ;4.20 ;36.4 ;0 ;17 ;280.7;
131 ;1:52.00 ;4603 ;11 ;0.732 ;2.6 ;0.0 ;0.900 ;0 ;4.19 ;33.8 ;0 ;16 ;0.0;
131 ;1:52.10 ;4407 ;11 ;0.734 ;1.6 ;0.0 ;0.900 ;0 ;4.19 ;31.9 ;0 ;15 ;0.0;
131 ;1:52.20 ;4303 ;10 ;0.742 ;0.7 ;0.0 ;0.900 ;0 ;4.18 ;29.9 ;0 ;15 ;0.0;
131 ;1:52.30 ;4255 ;8 ;0.756 ;0.7 ;0.0 ;0.900 ;0 ;4.18 ;27.4 ;0 ;14 ;0.0;
