SESSION; TIME;RPM;THROT;LAMB;L U SP;L D SP;TAR LB;SLIP%;INJ;ADV;SHIF A;INJ %;L/100K;

130 ;0:00.10 ;2264 ;0 ;1.083 ;2.7 ;0.0 ;0.900 ;0 ;2.72 ;7.0 ;0 ;6 ;71.8;
130 ;0:00.20 ;2255 ;0 ;1.097 ;3.2 ;0.0 ;0.900 ;0 ;2.73 ;7.0 ;0 ;6 ;62.1;
130 ;0:00.30 ;2281 ;0 ;1.112 ;3.7 ;0.0 ;0.900 ;0 ;2.70 ;7.1 ;0 ;6 ;60.5;
130 ;0:00.40 ;2314 ;0 ;1.117 ;3.8 ;0.0 ;0.900 ;0 ;2.67 ;7.2 ;0 ;6 ;53.4;
130 ;0:00.50 ;2344 ;0 ;1.128 ;4.5 ;0.0 ;0.900 ;0 ;2.63 ;7.3 ;0 ;6 ;46.9;
130 ;0:00.60 ;2287 ;0 ;1.105 ;4.9 ;0.0 ;0.900 ;0 ;2.70 ;7.1 ;0 ;6 ;46.0;
130 ;0:00.70 ;2189 ;0 ;1.130 ;5.6 ;0.0 ;0.900 ;0 ;2.80 ;6.7 ;0 ;7 ;41.0;
130 ;0:00.80 ;2219 ;0 ;1.146 ;5.8 ;0.0 ;0.900 ;0 ;2.77 ;6.8 ;0 ;6 ;37.0;
130 ;0:00.90 ;2196 ;0 ;1.137 ;6.3 ;0.0 ;0.900 ;0 ;2.79 ;6.7 ;0 ;6 ;34.8;
130 ;0:01.00 ;2242 ;0 ;1.133 ;7.0 ;0.0 ;0.900 ;0 ;2.74 ;6.9 ;0 ;6 ;32.8;
130 ;0:01.10 ;2201 ;0 ;1.113 ;7.5 ;0.0 ;0.900 ;0 ;2.79 ;6.8 ;0 ;6 ;30.6;
130 ;0:01.20 ;2298 ;0 ;1.131 ;8.3 ;0.0 ;0.900 ;0 ;2.68 ;7.1 ;0 ;6 ;29.1;
130 ;0:01.30 ;2232 ;0 ;1.097 ;8.5 ;0.0 ;0.900 ;0 ;2.75 ;6.9 ;0 ;6 ;26.7;
130 ;0:01.40 ;2220 ;0 ;1.101 ;9.6 ;0.0 ;0.900 ;0 ;2.77 ;6.8 ;0 ;6 ;25.8;
130 ;0:01.50 ;2250 ;0 ;1.096 ;9.2 ;0.0 ;0.900 ;0 ;2.73 ;7.0 ;0 ;6 ;25.0;
130 ;0:01.60 ;2313 ;0 ;1.121 ;9.8 ;0.0 ;0.900 ;0 ;2.67 ;7.2 ;0 ;6 ;22.7;
130 ;0:01.70 ;2352 ;0 ;1.120 ;10.2 ;0.0 ;0.900 ;0 ;2.62 ;7.4 ;0 ;6 ;21.9;
130 ;0:01.80 ;2340 ;0 ;1.111 ;10.2 ;0.0 ;0.900 ;0 ;2.64 ;7.3 ;0 ;6 ;22.1;
130 ;0:01.90 ;2333 ;0 ;1.144 ;10.8 ;0.0 ;0.900 ;0 ;2.65 ;7.3 ;0 ;6 ;21.9;
130 ;0:02.00 ;2259 ;0 ;1.143 ;10.8 ;0.0 ;0.900 ;0 ;2.73 ;7.0 ;0 ;6 ;21.2;
130 ;0:02.10 ;2259 ;0 ;1.154 ;11.0 ;0.0 ;0.900 ;0 ;2.73 ;7.0 ;0 ;6 ;20.7;
130 ;0:02.20 ;2289 ;0 ;1.158 ;11.3 ;0.0 ;0.900 ;0 ;2.69 ;7.1 ;0 ;6 ;19.4;
130 ;0:02.30 ;2338 ;0 ;1.112 ;11.2 ;0.0 ;0.900 ;0 ;2.64 ;7.3 ;0 ;6 ;20.5;
130 ;0:02.40 ;2316 ;0 ;1.105 ;11.2 ;0.0 ;0.900 ;0 ;2.66 ;7.2 ;0 ;6 ;19.1;
130 ;0:02.50 ;2349 ;0 ;1.142 ;12.2 ;0.0 ;0.900 ;0 ;2.63 ;7.3 ;0 ;6 ;19.4;
130 ;0:02.60 ;2328 ;0 ;1.144 ;12.2 ;0.0 ;0.900 ;0 ;2.65 ;7.3 ;0 ;6 ;17.8;
130 ;0:02.70 ;2360 ;0 ;1.143 ;13.0 ;0.0 ;0.900 ;0 ;2.62 ;7.4 ;0 ;6 ;17.4;
130 ;0:02.80 ;2310 ;0 ;1.135 ;13.3 ;0.0 ;0.900 ;0 ;2.67 ;7.2 ;0 ;6 ;16.0;
130 ;0:02.90 ;2346 ;0 ;1.139 ;14.4 ;0.0 ;0.900 ;0 ;2.63 ;7.3 ;0 ;6 ;15.9;
130 ;0:03.00 ;2303 ;0 ;1.159 ;14.8 ;0.0 ;0.900 ;0 ;2.68 ;7.2 ;0 ;6 ;15.6;
130 ;0:03.10 ;2231 ;0 ;1.169 ;15.1 ;0.0 ;0.900 ;0 ;2.77 ;6.8 ;0 ;6 ;14.5;
130 ;0:03.20 ;2256 ;0 ;1.170 ;15.4 ;0.0 ;0.900 ;0 ;2.73 ;7.0 ;0 ;6 ;14.8;
130 ;0:03.30 ;2235 ;0 ;1.177 ;16.2 ;0.0 ;0.900 ;0 ;2.75 ;6.9 ;0 ;6 ;13.8;
130 ;0:03.40 ;2296 ;0 ;1.193 ;15.9 ;0.0 ;0.900 ;0 ;2.69 ;7.1 ;0 ;6 ;13.6;
130 ;0:03.50 ;2281 ;0 ;1.174 ;16.9 ;0.0 ;0.900 ;0 ;2.70 ;7.1 ;0 ;6 ;13.4;
130 ;0:03.60 ;2284 ;0 ;1.190 ;17.8 ;0.0 ;0.900 ;0 ;2.70 ;7.1 ;0 ;6 ;12.9;
130 ;0:03.70 ;2342 ;0 ;1.169 ;17.7 ;0.0 ;0.900 ;0 ;2.64 ;7.3 ;0 ;6 ;13.1;
130 ;0:03.80 ;2263 ;0 ;1.156 ;17.7 ;0.0 ;0.900 ;0 ;2.72 ;7.0 ;0 ;6 ;12.5;
130 ;0:03.90 ;2382 ;0 ;1.166 ;17.8 ;0.0 ;0.900 ;0 ;2.59 ;7.5 ;0 ;6 ;12.9;
130 ;0:04.00 ;2431 ;0 ;1.173 ;18.2 ;0.0 ;0.900 ;0 ;2.54 ;7.7 ;0 ;6 ;12.5;
130 ;0:04.10 ;2356 ;0 ;1.143 ;17.9 ;0.0 ;0.900 ;0 ;2.62 ;7.4 ;0 ;6 ;12.0;
130 ;0:04.20 ;2307 ;0 ;1.139 ;19.0 ;0.0 ;0.900 ;0 ;2.67 ;7.2 ;0 ;6 ;11.6;
130 ;0:04.30 ;2351 ;0 ;1.136 ;19.4 ;0.0 ;0.900 ;0 ;2.63 ;7.4 ;0 ;6 ;12.2;
130 ;0:04.40 ;2357 ;0 ;1.125 ;19.3 ;0.0 ;0.900 ;0 ;2.62 ;7.4 ;0 ;6 ;11.4;
130 ;0:04.50 ;2405 ;0 ;1.143 ;20.0 ;0.0 ;0.900 ;0 ;2.57 ;7.6 ;0 ;6 ;11.1;
130 ;0:04.60 ;2428 ;0 ;1.159 ;19.0 ;0.0 ;0.900 ;0 ;2.54 ;7.7 ;0 ;6 ;11.4;
130 ;0:04.70 ;2434 ;0 ;1.149 ;20.0 ;0.0 ;0.900 ;0 ;2.54 ;7.7 ;0 ;6 ;11.0;
130 ;0:04.80 ;2443 ;0 ;1.133 ;20.9 ;0.0 ;0.900 ;0 ;2.53 ;7.7 ;0 ;6 ;11.0;
130 ;0:04.90 ;2469 ;0 ;1.129 ;21.4 ;0.0 ;0.900 ;0 ;2.50 ;7.8 ;0 ;6 ;10.9;
130 ;0:05.00 ;2518 ;0 ;1.051 ;22.3 ;0.0 ;0.900 ;0 ;2.46 ;8.0 ;0 ;6 ;10.7;
130 ;0:05.10 ;2513 ;0 ;1.019 ;21.9 ;0.0 ;0.900 ;0 ;2.46 ;8.0 ;0 ;6 ;10.2;
130 ;0:05.20 ;2430 ;0 ;0.982 ;21.3 ;0.0 ;0.900 ;0 ;2.54 ;7.7 ;0 ;6 ;10.9;
130 ;0:05.30 ;2432 ;0 ;0.956 ;22.2 ;0.0 ;0.900 ;0 ;2.54 ;7.7 ;0 ;6 ;10.4;
130 ;0:05.40 ;2443 ;0 ;0.927 ;23.0 ;0.0 ;0.900 ;0 ;2.53 ;7.7 ;0 ;6 ;10.0;
130 ;0:05.50 ;2560 ;0 ;0.903 ;22.0 ;0.0 ;0.900 ;0 ;2.45 ;8.2 ;0 ;6 ;10.2;
130 ;0:05.60 ;2623 ;0 ;0.869 ;22.6 ;0.0 ;0.900 ;0 ;2.44 ;8.4 ;0 ;6 ;10.7;
130 ;0:05.70 ;2561 ;0 ;0.857 ;22.9 ;0.0 ;0.900 ;0 ;2.45 ;8.2 ;0 ;6 ;10.9;
130 ;0:05.80 ;2601 ;0 ;0.838 ;23.0 ;0.0 ;0.900 ;0 ;2.44 ;8.4 ;0 ;6 ;10.4;
130 ;0:05.90 ;2683 ;0 ;0.836 ;23.6 ;0.0 ;0.900 ;0 ;2.43 ;8.7 ;0 ;6 ;11.3;
130 ;0:06.00 ;2817 ;0 ;0.866 ;22.6 ;0.0 ;0.900 ;0 ;2.41 ;9.2 ;0 ;6 ;10.6;
130 ;0:06.10 ;2976 ;0 ;0.868 ;23.3 ;0.0 ;0.900 ;0 ;2.38 ;9.9 ;0 ;5 ;11.2;
130 ;0:06.20 ;3165 ;0 ;0.836 ;22.3 ;0.0 ;0.900 ;0 ;2.39 ;10.1 ;0 ;6 ;12.2;
130 ;0:06.30 ;3404 ;0 ;0.829 ;23.8 ;0.0 ;0.900 ;0 ;2.44 ;10.4 ;0 ;7 ;13.8;
130 ;0:06.40 ;3746 ;0 ;0.878 ;24.3 ;0.0 ;0.900 ;0 ;2.50 ;10.7 ;0 ;7 ;15.7;
130 ;0:06.50 ;4142 ;0 ;0.898 ;23.6 ;0.0 ;0.900 ;0 ;2.55 ;11.5 ;0 ;8 ;17.1;
130 ;0:06.60 ;4409 ;0 ;0.925 ;23.1 ;0.0 ;0.900 ;0 ;2.55 ;12.6 ;0 ;9 ;17.6;
130 ;0:06.70 ;4812 ;0 ;0.937 ;24.6 ;0.0 ;0.900 ;0 ;2.55 ;14.2 ;0 ;10 ;19.4;
130 ;0:06.80 ;4981 ;0 ;0.966 ;25.3 ;0.0 ;0.900 ;0 ;2.55 ;14.9 ;0 ;10 ;17.9;
130 ;0:06.90 ;5259 ;0 ;0.986 ;26.9 ;0.0 ;0.900 ;0 ;2.55 ;16.2 ;0 ;11 ;18.9;
130 ;0:07.00 ;5485 ;0 ;0.972 ;26.9 ;0.0 ;0.900 ;0 ;2.55 ;17.4 ;0 ;11 ;18.6;
130 ;0:07.10 ;5726 ;0 ;0.963 ;29.3 ;0.0 ;0.900 ;0 ;2.55 ;18.6 ;0 ;12 ;18.1;
130 ;0:07.20 ;5839 ;0 ;0.967 ;28.9 ;0.0 ;0.900 ;0 ;2.55 ;19.1 ;0 ;12 ;18.4;
130 ;0:07.30 ;6087 ;0 ;0.879 ;30.5 ;0.0 ;0.900 ;0 ;2.55 ;20.8 ;0 ;13 ;18.9;
130 ;0:07.40 ;6085 ;0 ;0.900 ;31.0 ;0.0 ;0.900 ;0 ;2.55 ;20.8 ;0 ;13 ;18.4;
130 ;0:07.50 ;6421 ;0 ;0.887 ;32.8 ;0.0 ;0.900 ;0 ;2.55 ;24.2 ;0 ;13 ;19.3;
130 ;0:07.60 ;6519 ;0 ;0.889 ;33.0 ;0.0 ;0.900 ;0 ;2.55 ;25.1 ;0 ;14 ;18.0;
130 ;0:07.70 ;5892 ;0 ;0.893 ;33.9 ;0.0 ;0.900 ;0 ;2.55 ;19.4 ;0 ;12 ;16.0;
130 ;0:07.80 ;5442 ;0 ;0.909 ;37.7 ;0.0 ;0.900 ;0 ;2.55 ;17.2 ;0 ;11 ;14.2;
130 ;0:07.90 ;5375 ;0 ;0.892 ;36.8 ;0.0 ;0.900 ;0 ;2.55 ;16.8 ;0 ;11 ;14.0;
130 ;0:08.00 ;5620 ;0 ;0.911 ;40.3 ;0.0 ;0.900 ;0 ;2.55 ;18.1 ;0 ;12 ;13.8;
130 ;0:08.10 ;6005 ;0 ;0.948 ;40.4 ;0.0 ;0.900 ;0 ;2.55 ;20.0 ;0 ;12 ;13.5;
130 ;0:08.20 ;5488 ;0 ;0.985 ;40.8 ;0.0 ;0.900 ;0 ;2.55 ;17.4 ;0 ;11 ;11.4;
130 ;0:08.30 ;5263 ;0 ;0.984 ;42.8 ;0.0 ;0.900 ;0 ;2.55 ;16.3 ;0 ;11 ;11.0;
130 ;0:08.40 ;5363 ;0 ;1.002 ;44.6 ;0.0 ;0.900 ;0 ;2.55 ;16.8 ;0 ;11 ;12.1;
130 ;0:08.50 ;5678 ;0 ;1.010 ;48.7 ;0.0 ;0.900 ;0 ;2.55 ;18.3 ;0 ;12 ;11.2;
130 ;0:08.60 ;5859 ;0 ;1.042 ;49.1 ;0.0 ;0.900 ;0 ;2.55 ;19.2 ;0 ;12 ;11.1;
130 ;0:08.70 ;5924 ;0 ;1.070 ;49.6 ;0.0 ;0.900 ;0 ;2.55 ;19.6 ;0 ;12 ;11.4;
130 ;0:08.80 ;5990 ;0 ;1.068 ;52.1 ;0.0 ;0.900 ;0 ;2.55 ;19.9 ;0 ;12 ;11.3;
130 ;0:08.90 ;6065 ;0 ;1.024 ;53.5 ;0.0 ;0.900 ;0 ;2.55 ;20.6 ;0 ;13 ;11.6;
130 ;0:09.00 ;6121 ;0 ;1.007 ;54.1 ;0.0 ;0.900 ;0 ;2.55 ;21.2 ;0 ;13 ;12.0;
130 ;0:09.10 ;6325 ;0 ;0.969 ;52.8 ;0.0 ;0.900 ;0 ;2.55 ;23.2 ;0 ;13 ;11.8;
130 ;0:09.20 ;6499 ;0 ;0.848 ;54.7 ;0.0 ;0.900 ;0 ;2.55 ;24.8 ;0 ;13 ;11.4;
130 ;0:09.30 ;6379 ;0 ;0.775 ;57.5 ;0.0 ;0.900 ;0 ;2.55 ;23.7 ;0 ;13 ;10.2;
130 ;0:09.40 ;6430 ;2 ;0.704 ;57.8 ;0.0 ;0.900 ;0 ;3.00 ;29.6 ;0 ;16 ;14.3;
130 ;0:09.50 ;6845 ;4 ;0.693 ;57.2 ;0.0 ;0.900 ;0 ;3.45 ;35.0 ;0 ;20 ;14.3;
130 ;0:09.60 ;6900 ;11 ;0.700 ;57.3 ;0.0 ;0.900 ;0 ;3.33 ;55.7 ;0 ;19 ;21.2;
130 ;0:09.70 ;6936 ;28 ;0.716 ;57.0 ;0.0 ;0.900 ;0 ;4.89 ;48.4 ;0 ;28 ;23.3;
130 ;0:09.80 ;6865 ;35 ;0.719 ;56.4 ;0.0 ;0.900 ;0 ;5.24 ;43.7 ;0 ;30 ;24.2;
130 ;0:09.90 ;6713 ;36 ;0.714 ;53.5 ;0.0 ;0.900 ;0 ;5.35 ;42.1 ;0 ;30 ;24.3;
130 ;0:10.00 ;6592 ;36 ;0.854 ;52.3 ;0.0 ;0.900 ;0 ;5.42 ;40.9 ;0 ;30 ;25.3;
130 ;0:10.10 ;6328 ;37 ;0.783 ;53.5 ;0.0 ;0.900 ;0 ;5.59 ;38.2 ;0 ;29 ;25.7;
130 ;0:10.20 ;6262 ;37 ;0.774 ;53.6 ;0.0 ;0.900 ;0 ;5.63 ;37.5 ;0 ;29 ;24.8;
130 ;0:10.30 ;6632 ;37 ;1.070 ;52.2 ;0.0 ;0.900 ;0 ;5.43 ;41.3 ;0 ;30 ;26.8;
130 ;0:10.40 ;6888 ;37 ;0.963 ;51.4 ;0.0 ;0.900 ;0 ;5.29 ;43.8 ;0 ;30 ;26.4;
130 ;0:10.50 ;6674 ;33 ;0.733 ;48.5 ;0.0 ;0.900 ;0 ;5.27 ;41.8 ;1 ;30 ;27.5;
130 ;0:10.60 ;7321 ;33 ;0.748 ;48.0 ;0.0 ;0.900 ;0 ;5.22 ;49.1 ;0 ;32 ;28.7;
130 ;0:10.70 ;7805 ;34 ;0.771 ;45.0 ;0.0 ;0.900 ;0 ;5.45 ;54.8 ;0 ;36 ;31.6;
130 ;0:10.80 ;7985 ;37 ;0.763 ;45.8 ;0.0 ;0.900 ;0 ;5.60 ;56.0 ;0 ;37 ;34.3;
130 ;0:10.90 ;7693 ;38 ;1.032 ;45.1 ;0.0 ;0.900 ;0 ;5.51 ;52.5 ;0 ;35 ;34.6;
130 ;0:11.00 ;7449 ;43 ;1.063 ;44.2 ;0.0 ;0.900 ;0 ;5.53 ;48.5 ;0 ;34 ;37.0;
130 ;0:11.10 ;7236 ;43 ;0.690 ;39.8 ;0.0 ;0.900 ;0 ;5.45 ;31.5 ;0 ;33 ;38.2;
130 ;0:11.20 ;8162 ;44 ;0.703 ;41.4 ;0.0 ;0.900 ;0 ;5.74 ;52.0 ;0 ;39 ;46.1;
130 ;0:11.30 ;7864 ;45 ;0.716 ;38.7 ;0.0 ;0.900 ;0 ;5.69 ;51.6 ;0 ;37 ;46.0;
130 ;0:11.40 ;7370 ;45 ;0.688 ;35.6 ;0.0 ;0.900 ;0 ;5.52 ;47.0 ;0 ;34 ;43.5;
130 ;0:11.50 ;7056 ;45 ;0.714 ;33.1 ;0.0 ;0.900 ;0 ;5.42 ;44.1 ;0 ;32 ;45.3;
130 ;0:11.60 ;6585 ;45 ;0.727 ;32.6 ;0.0 ;0.900 ;0 ;5.64 ;39.7 ;0 ;31 ;44.7;
130 ;0:11.70 ;6456 ;42 ;0.756 ;28.9 ;0.0 ;0.900 ;0 ;5.68 ;39.1 ;0 ;30 ;44.5;
130 ;0:11.80 ;6171 ;36 ;0.743 ;30.7 ;0.0 ;0.900 ;0 ;5.64 ;36.7 ;0 ;29 ;41.7;
130 ;0:11.90 ;5839 ;30 ;0.736 ;29.6 ;0.0 ;0.900 ;0 ;5.56 ;35.3 ;0 ;27 ;41.6;
130 ;0:12.00 ;5702 ;26 ;0.747 ;29.7 ;0.0 ;0.900 ;0 ;5.44 ;35.3 ;0 ;26 ;40.2;
130 ;0:12.10 ;5355 ;20 ;0.742 ;27.6 ;0.0 ;0.900 ;0 ;5.17 ;37.3 ;0 ;23 ;37.4;
130 ;0:12.20 ;5299 ;17 ;0.749 ;27.8 ;0.0 ;0.900 ;0 ;4.84 ;39.5 ;0 ;21 ;31.8;
130 ;0:12.30 ;5016 ;13 ;0.734 ;28.8 ;0.0 ;0.900 ;0 ;4.04 ;39.9 ;0 ;17 ;27.2;
130 ;0:12.40 ;4973 ;13 ;0.745 ;26.9 ;0.0 ;0.900 ;0 ;4.03 ;39.4 ;0 ;16 ;28.7;
130 ;0:12.50 ;4868 ;13 ;0.750 ;28.5 ;0.0 ;0.900 ;0 ;4.03 ;38.4 ;0 ;16 ;27.7;
130 ;0:12.60 ;4896 ;12 ;0.741 ;26.5 ;0.0 ;0.900 ;0 ;4.02 ;37.6 ;0 ;16 ;26.9;
130 ;0:12.70 ;4986 ;12 ;0.800 ;26.1 ;0.0 ;0.900 ;0 ;4.02 ;38.5 ;0 ;16 ;30.1;
130 ;0:12.80 ;5010 ;12 ;0.822 ;26.0 ;0.0 ;0.900 ;0 ;4.03 ;38.8 ;0 ;16 ;29.6;
130 ;0:12.90 ;4815 ;12 ;0.815 ;25.2 ;0.0 ;0.900 ;0 ;4.02 ;36.9 ;0 ;16 ;26.8;
130 ;0:13.00 ;4625 ;11 ;0.788 ;24.7 ;0.0 ;0.900 ;0 ;4.00 ;34.0 ;0 ;15 ;27.4;
130 ;0:13.10 ;4503 ;11 ;0.817 ;24.7 ;0.0 ;0.900 ;0 ;4.00 ;32.9 ;0 ;15 ;27.4;
130 ;0:13.20 ;4411 ;10 ;0.793 ;24.4 ;0.0 ;0.900 ;0 ;3.99 ;31.0 ;0 ;14 ;25.8;
130 ;0:13.30 ;4377 ;10 ;0.779 ;23.5 ;0.0 ;0.900 ;0 ;3.99 ;30.6 ;0 ;14 ;27.9;
130 ;0:13.40 ;3964 ;9 ;0.787 ;23.4 ;0.0 ;0.900 ;0 ;3.99 ;25.8 ;0 ;13 ;23.5;
130 ;0:13.50 ;3810 ;7 ;0.806 ;24.4 ;0.0 ;0.900 ;0 ;3.85 ;23.3 ;0 ;12 ;25.8;
130 ;0:13.60 ;4303 ;7 ;0.796 ;22.8 ;0.0 ;0.900 ;0 ;3.85 ;27.1 ;0 ;13 ;27.9;
130 ;0:13.70 ;4470 ;6 ;0.812 ;22.4 ;0.0 ;0.900 ;0 ;3.72 ;27.7 ;0 ;13 ;26.2;
130 ;0:13.80 ;3905 ;5 ;0.813 ;21.6 ;0.0 ;0.900 ;0 ;3.58 ;22.1 ;0 ;11 ;21.5;
130 ;0:13.90 ;3637 ;4 ;0.807 ;23.0 ;0.0 ;0.900 ;0 ;3.45 ;19.4 ;0 ;10 ;19.7;
130 ;0:14.00 ;3659 ;2 ;0.808 ;23.3 ;0.0 ;0.900 ;0 ;2.96 ;15.1 ;0 ;9 ;18.8;
130 ;0:14.10 ;4033 ;2 ;0.800 ;22.7 ;0.0 ;0.900 ;0 ;3.00 ;16.6 ;0 ;10 ;20.2;
130 ;0:14.20 ;4219 ;2 ;0.806 ;23.4 ;0.0 ;0.900 ;0 ;3.00 ;17.7 ;0 ;10 ;19.5;
130 ;0:14.30 ;4175 ;1 ;0.822 ;23.1 ;0.0 ;0.900 ;0 ;2.77 ;14.6 ;0 ;9 ;18.0;
130 ;0:14.40 ;4150 ;1 ;0.823 ;24.0 ;0.0 ;0.900 ;0 ;2.77 ;14.5 ;0 ;9 ;17.8;
130 ;0:14.50 ;4180 ;1 ;0.804 ;24.7 ;0.0 ;0.900 ;0 ;2.77 ;14.6 ;0 ;9 ;16.9;
130 ;0:14.60 ;4273 ;0 ;0.823 ;25.0 ;0.0 ;0.900 ;0 ;2.55 ;12.0 ;0 ;9 ;16.9;
130 ;0:14.70 ;4438 ;0 ;0.836 ;24.8 ;0.0 ;0.900 ;0 ;2.55 ;12.7 ;0 ;9 ;16.2;
130 ;0:14.80 ;4547 ;0 ;0.843 ;24.9 ;0.0 ;0.900 ;0 ;2.55 ;13.1 ;0 ;9 ;16.9;
130 ;0:14.90 ;4665 ;0 ;0.844 ;24.9 ;0.0 ;0.900 ;0 ;2.55 ;13.7 ;0 ;10 ;17.8;
130 ;0:15.00 ;4807 ;0 ;0.857 ;25.6 ;0.0 ;0.900 ;0 ;2.55 ;14.2 ;0 ;10 ;18.1;
130 ;0:15.10 ;4926 ;0 ;0.855 ;25.0 ;0.0 ;0.900 ;0 ;2.55 ;14.7 ;0 ;10 ;19.1;
130 ;0:15.20 ;5060 ;0 ;0.866 ;25.9 ;0.0 ;0.900 ;0 ;2.55 ;15.3 ;0 ;10 ;19.3;
130 ;0:15.30 ;5077 ;0 ;0.853 ;26.1 ;0.0 ;0.900 ;0 ;2.55 ;15.3 ;0 ;10 ;18.7;
130 ;0:15.40 ;5302 ;0 ;0.874 ;27.6 ;0.0 ;0.900 ;0 ;2.55 ;16.5 ;0 ;11 ;19.4;
130 ;0:15.50 ;5332 ;0 ;0.901 ;26.0 ;0.0 ;0.900 ;0 ;2.55 ;16.6 ;0 ;11 ;19.4;
130 ;0:15.60 ;5503 ;0 ;0.929 ;26.6 ;0.0 ;0.900 ;0 ;2.55 ;17.5 ;0 ;11 ;19.0;
130 ;0:15.70 ;5514 ;0 ;0.925 ;27.9 ;0.0 ;0.900 ;0 ;2.55 ;17.5 ;0 ;11 ;18.1;
130 ;0:15.80 ;5812 ;0 ;0.882 ;29.7 ;0.0 ;0.900 ;0 ;2.55 ;19.0 ;0 ;12 ;18.7;
130 ;0:15.90 ;5662 ;0 ;0.854 ;29.5 ;0.0 ;0.900 ;0 ;2.55 ;18.3 ;0 ;12 ;18.0;
130 ;0:16.00 ;6151 ;0 ;0.850 ;31.7 ;0.0 ;0.900 ;0 ;2.55 ;21.5 ;0 ;13 ;17.3;
130 ;0:16.10 ;5326 ;0 ;0.824 ;33.1 ;0.0 ;0.900 ;0 ;2.55 ;16.6 ;0 ;11 ;14.3;
130 ;0:16.20 ;5397 ;0 ;0.839 ;35.4 ;0.0 ;0.900 ;0 ;2.55 ;16.9 ;0 ;11 ;14.2;
130 ;0:16.30 ;5488 ;0 ;0.889 ;38.6 ;0.0 ;0.900 ;0 ;2.55 ;17.4 ;0 ;11 ;14.4;
130 ;0:16.40 ;5592 ;0 ;0.858 ;39.2 ;0.0 ;0.900 ;0 ;2.55 ;17.7 ;0 ;11 ;12.4;
130 ;0:16.50 ;5030 ;0 ;0.923 ;38.4 ;0.0 ;0.900 ;0 ;2.55 ;15.1 ;0 ;10 ;10.9;
130 ;0:16.60 ;5114 ;0 ;0.907 ;43.0 ;0.0 ;0.900 ;0 ;2.55 ;15.8 ;0 ;11 ;11.1;
130 ;0:16.70 ;4812 ;0 ;0.944 ;43.8 ;0.0 ;0.900 ;0 ;2.55 ;14.2 ;0 ;10 ;9.4;
130 ;0:16.80 ;4370 ;0 ;0.979 ;46.3 ;0.0 ;0.900 ;0 ;2.55 ;12.4 ;0 ;9 ;9.6;
130 ;0:16.90 ;5067 ;0 ;1.006 ;46.2 ;0.0 ;0.900 ;0 ;2.55 ;15.3 ;0 ;10 ;10.0;
130 ;0:17.00 ;5175 ;0 ;1.016 ;49.9 ;0.0 ;0.900 ;0 ;2.55 ;15.8 ;0 ;11 ;9.6;
130 ;0:17.10 ;5391 ;0 ;1.000 ;51.1 ;0.0 ;0.900 ;0 ;2.55 ;16.9 ;0 ;11 ;10.0;
130 ;0:17.20 ;5428 ;0 ;0.966 ;52.1 ;0.0 ;0.900 ;0 ;2.55 ;17.1 ;0 ;11 ;9.4;
130 ;0:17.30 ;5411 ;0 ;0.866 ;51.9 ;0.0 ;0.900 ;0 ;2.55 ;17.0 ;0 ;11 ;9.9;
130 ;0:17.40 ;5652 ;0 ;0.770 ;54.9 ;0.0 ;0.900 ;0 ;2.55 ;18.2 ;0 ;12 ;9.9;
130 ;0:17.50 ;5593 ;0 ;0.749 ;56.0 ;0.0 ;0.900 ;0 ;2.55 ;17.9 ;0 ;12 ;9.6;
130 ;0:17.60 ;5977 ;0 ;0.776 ;56.7 ;0.0 ;0.900 ;0 ;2.55 ;19.8 ;0 ;12 ;12.3;
130 ;0:17.70 ;6268 ;20 ;0.870 ;57.6 ;0.0 ;0.900 ;0 ;4.85 ;42.6 ;0 ;25 ;21.3;
130 ;0:17.80 ;6159 ;34 ;0.833 ;59.1 ;0.0 ;0.900 ;0 ;5.57 ;36.6 ;0 ;28 ;22.7;
130 ;0:17.90 ;5975 ;36 ;0.778 ;57.2 ;0.0 ;0.900 ;0 ;5.74 ;34.9 ;0 ;29 ;22.4;
130 ;0:18.00 ;5810 ;40 ;0.867 ;56.5 ;0.0 ;0.900 ;0 ;5.93 ;34.7 ;0 ;29 ;24.9;
130 ;0:18.10 ;6266 ;41 ;1.113 ;55.9 ;0.0 ;0.900 ;0 ;5.77 ;37.4 ;0 ;32 ;26.0;
130 ;0:18.20 ;5808 ;39 ;0.747 ;54.4 ;0.0 ;0.900 ;0 ;5.90 ;24.2 ;0 ;28 ;24.7;
130 ;0:18.30 ;6508 ;39 ;0.766 ;54.7 ;0.0 ;0.900 ;0 ;5.57 ;39.9 ;0 ;30 ;26.6;
130 ;0:18.40 ;6490 ;39 ;0.901 ;51.2 ;0.0 ;0.900 ;0 ;5.58 ;39.8 ;0 ;30 ;26.9;
130 ;0:18.50 ;6399 ;40 ;0.779 ;52.2 ;0.0 ;0.900 ;0 ;5.66 ;38.8 ;0 ;30 ;26.0;
130 ;0:18.60 ;5866 ;41 ;1.263 ;50.3 ;0.0 ;0.900 ;0 ;5.96 ;34.7 ;0 ;29 ;27.8;
130 ;0:18.70 ;6392 ;43 ;0.956 ;48.1 ;0.0 ;0.900 ;0 ;5.72 ;38.3 ;0 ;31 ;29.3;
130 ;0:18.80 ;5967 ;40 ;0.754 ;48.9 ;0.0 ;0.900 ;0 ;5.89 ;19.8 ;0 ;29 ;27.3;
130 ;0:18.90 ;7019 ;38 ;0.745 ;49.5 ;0.0 ;0.900 ;0 ;5.25 ;45.1 ;0 ;31 ;30.1;
130 ;0:19.00 ;6708 ;38 ;0.758 ;45.5 ;0.0 ;0.900 ;0 ;5.42 ;42.0 ;0 ;30 ;28.9;
130 ;0:19.10 ;6653 ;39 ;0.761 ;45.7 ;0.0 ;0.900 ;0 ;5.48 ;41.4 ;0 ;30 ;32.4;
130 ;0:19.20 ;6672 ;39 ;0.798 ;42.0 ;0.0 ;0.900 ;0 ;5.47 ;41.6 ;0 ;31 ;33.7;
130 ;0:19.30 ;7062 ;41 ;1.287 ;42.9 ;0.0 ;0.900 ;0 ;5.37 ;45.4 ;0 ;32 ;35.5;
130 ;0:19.40 ;7151 ;42 ;0.890 ;39.6 ;0.0 ;0.900 ;0 ;5.41 ;46.0 ;0 ;32 ;35.9;
130 ;0:19.50 ;7378 ;41 ;0.738 ;38.6 ;0.0 ;0.900 ;0 ;5.48 ;48.6 ;1 ;33 ;43.2;
130 ;0:19.60 ;7662 ;40 ;0.717 ;36.8 ;0.0 ;0.900 ;0 ;5.55 ;51.8 ;0 ;35 ;42.9;
130 ;0:19.70 ;7284 ;40 ;0.706 ;35.6 ;0.0 ;0.900 ;0 ;5.42 ;47.8 ;0 ;33 ;41.3;
130 ;0:19.80 ;6947 ;39 ;0.702 ;34.2 ;0.0 ;0.900 ;0 ;5.32 ;44.3 ;0 ;30 ;41.6;
130 ;0:19.90 ;6602 ;38 ;0.710 ;32.4 ;0.0 ;0.900 ;0 ;5.47 ;41.0 ;0 ;30 ;40.9;
130 ;0:20.00 ;6381 ;34 ;0.695 ;31.0 ;0.0 ;0.900 ;0 ;5.46 ;38.8 ;0 ;29 ;40.8;
130 ;0:20.10 ;6093 ;28 ;0.718 ;30.7 ;0.0 ;0.900 ;0 ;5.38 ;36.8 ;0 ;27 ;40.8;
130 ;0:20.20 ;5926 ;21 ;0.721 ;31.5 ;0.0 ;0.900 ;0 ;5.10 ;38.2 ;0 ;25 ;33.6;
130 ;0:20.30 ;5787 ;15 ;0.722 ;31.1 ;0.0 ;0.900 ;0 ;4.30 ;47.7 ;0 ;20 ;30.6;
130 ;0:20.40 ;5637 ;13 ;0.723 ;30.2 ;0.0 ;0.900 ;0 ;3.90 ;50.5 ;0 ;18 ;26.8;
130 ;0:20.50 ;5577 ;11 ;0.705 ;30.3 ;0.0 ;0.900 ;0 ;3.81 ;47.1 ;0 ;17 ;26.6;
130 ;0:20.60 ;5517 ;10 ;0.711 ;30.2 ;0.0 ;0.900 ;0 ;3.79 ;44.9 ;0 ;17 ;26.6;
130 ;0:20.70 ;5662 ;10 ;0.699 ;31.0 ;0.0 ;0.900 ;0 ;3.72 ;47.3 ;0 ;17 ;26.0;
130 ;0:20.80 ;5635 ;10 ;0.709 ;29.0 ;0.0 ;0.900 ;0 ;3.74 ;46.8 ;0 ;17 ;27.2;
130 ;0:20.90 ;5690 ;11 ;0.716 ;28.0 ;0.0 ;0.900 ;0 ;3.77 ;48.9 ;0 ;18 ;28.9;
130 ;0:21.00 ;5774 ;12 ;0.710 ;28.7 ;0.0 ;0.900 ;0 ;3.80 ;51.5 ;0 ;18 ;28.7;
130 ;0:21.10 ;5758 ;12 ;0.716 ;30.0 ;0.0 ;0.900 ;0 ;3.81 ;51.2 ;0 ;18 ;28.8;
130 ;0:21.20 ;5864 ;12 ;0.716 ;28.8 ;0.0 ;0.900 ;0 ;3.78 ;53.0 ;0 ;18 ;29.2;
130 ;0:21.30 ;5822 ;12 ;0.752 ;30.4 ;0.0 ;0.900 ;0 ;3.79 ;52.3 ;0 ;18 ;28.1;
130 ;0:21.40 ;5781 ;12 ;0.776 ;28.8 ;0.0 ;0.900 ;0 ;3.80 ;51.6 ;0 ;18 ;28.5;
130 ;0:21.50 ;5803 ;12 ;0.782 ;29.5 ;0.0 ;0.900 ;0 ;3.79 ;52.0 ;0 ;18 ;29.3;
130 ;0:21.60 ;5623 ;12 ;0.781 ;27.8 ;0.0 ;0.900 ;0 ;3.85 ;49.0 ;0 ;18 ;28.6;
130 ;0:21.70 ;5173 ;12 ;0.783 ;28.6 ;0.0 ;0.900 ;0 ;3.98 ;41.5 ;0 ;17 ;28.9;
130 ;0:21.80 ;4860 ;12 ;0.778 ;27.1 ;0.0 ;0.900 ;0 ;4.02 ;37.3 ;0 ;16 ;26.5;
130 ;0:21.90 ;4737 ;12 ;0.744 ;26.7 ;0.0 ;0.900 ;0 ;4.01 ;36.1 ;0 ;15 ;24.9;
130 ;0:22.00 ;4658 ;12 ;0.739 ;26.0 ;0.0 ;0.900 ;0 ;4.01 ;35.3 ;0 ;15 ;26.3;
130 ;0:22.10 ;4452 ;11 ;0.755 ;25.5 ;0.0 ;0.900 ;0 ;4.00 ;32.3 ;0 ;15 ;25.5;
130 ;0:22.20 ;4795 ;11 ;0.802 ;26.4 ;0.0 ;0.900 ;0 ;4.00 ;35.7 ;0 ;16 ;27.9;
130 ;0:22.30 ;4650 ;9 ;0.843 ;26.4 ;0.0 ;0.900 ;0 ;3.99 ;32.4 ;0 ;15 ;27.2;
130 ;0:22.40 ;4661 ;6 ;0.860 ;26.9 ;0.0 ;0.900 ;0 ;3.72 ;29.4 ;0 ;14 ;24.4;
130 ;0:22.50 ;4639 ;3 ;0.852 ;27.1 ;0.0 ;0.900 ;0 ;3.22 ;23.7 ;0 ;12 ;19.7;
130 ;0:22.60 ;4769 ;1 ;0.881 ;26.8 ;0.0 ;0.900 ;0 ;2.77 ;17.5 ;0 ;11 ;17.4;
130 ;0:22.70 ;5049 ;0 ;0.890 ;27.1 ;0.0 ;0.900 ;0 ;2.55 ;15.2 ;0 ;10 ;18.2;
130 ;0:22.80 ;5128 ;0 ;0.911 ;27.3 ;0.0 ;0.900 ;0 ;2.55 ;15.6 ;0 ;10 ;19.0;
130 ;0:22.90 ;5259 ;0 ;0.921 ;26.0 ;0.0 ;0.900 ;0 ;2.55 ;16.4 ;0 ;11 ;19.4;
130 ;0:23.00 ;5406 ;0 ;0.938 ;28.2 ;0.0 ;0.900 ;0 ;2.55 ;17.0 ;0 ;11 ;18.7;
130 ;0:23.10 ;5503 ;0 ;0.946 ;27.3 ;0.0 ;0.900 ;0 ;2.55 ;17.6 ;0 ;11 ;18.3;
130 ;0:23.20 ;5656 ;0 ;0.921 ;27.6 ;0.0 ;0.900 ;0 ;2.55 ;18.2 ;0 ;12 ;20.2;
130 ;0:23.30 ;5797 ;0 ;0.854 ;28.5 ;0.0 ;0.900 ;0 ;2.55 ;18.9 ;0 ;12 ;18.6;
130 ;0:23.40 ;5886 ;0 ;0.848 ;29.4 ;0.0 ;0.900 ;0 ;2.55 ;19.4 ;0 ;12 ;19.1;
130 ;0:23.50 ;6298 ;0 ;0.886 ;30.3 ;0.0 ;0.900 ;0 ;2.55 ;22.9 ;0 ;13 ;18.4;
130 ;0:23.60 ;5721 ;0 ;0.971 ;33.4 ;0.0 ;0.900 ;0 ;2.55 ;18.6 ;0 ;12 ;15.0;
130 ;0:23.70 ;5401 ;0 ;0.966 ;34.6 ;0.0 ;0.900 ;0 ;2.55 ;17.0 ;0 ;11 ;14.1;
130 ;0:23.80 ;5290 ;0 ;0.936 ;35.7 ;0.0 ;0.900 ;0 ;2.55 ;16.4 ;0 ;11 ;13.7;
130 ;0:23.90 ;4799 ;0 ;0.915 ;37.5 ;0.0 ;0.900 ;0 ;2.55 ;14.1 ;0 ;10 ;11.5;
130 ;0:24.00 ;5998 ;0 ;0.957 ;39.6 ;0.0 ;0.900 ;0 ;2.55 ;19.9 ;0 ;12 ;14.6;
130 ;0:24.10 ;6260 ;0 ;1.024 ;42.7 ;0.0 ;0.900 ;0 ;2.55 ;22.6 ;0 ;13 ;14.3;
130 ;0:24.20 ;6017 ;0 ;1.074 ;42.8 ;0.0 ;0.900 ;0 ;2.55 ;20.1 ;0 ;12 ;11.9;
130 ;0:24.30 ;5496 ;0 ;1.085 ;45.5 ;0.0 ;0.900 ;0 ;2.55 ;17.4 ;0 ;11 ;10.9;
130 ;0:24.40 ;5504 ;0 ;1.099 ;45.6 ;0.0 ;0.900 ;0 ;2.55 ;17.5 ;0 ;11 ;10.5;
130 ;0:24.50 ;5808 ;0 ;1.072 ;50.0 ;0.0 ;0.900 ;0 ;2.55 ;19.0 ;0 ;12 ;11.4;
130 ;0:24.60 ;6188 ;0 ;1.027 ;52.0 ;0.0 ;0.900 ;0 ;2.55 ;21.8 ;0 ;13 ;11.7;
130 ;0:24.70 ;6381 ;0 ;0.988 ;55.0 ;0.0 ;0.900 ;0 ;2.55 ;23.8 ;0 ;13 ;11.4;
130 ;0:24.80 ;6434 ;0 ;0.971 ;52.0 ;0.0 ;0.900 ;0 ;2.55 ;24.3 ;0 ;13 ;11.4;
130 ;0:24.90 ;6524 ;0 ;0.963 ;54.6 ;0.0 ;0.900 ;0 ;2.55 ;25.2 ;0 ;14 ;10.8;
130 ;0:25.00 ;6754 ;0 ;0.790 ;55.9 ;0.0 ;0.900 ;0 ;2.55 ;27.5 ;0 ;14 ;11.1;
130 ;0:25.10 ;6279 ;0 ;0.723 ;59.1 ;0.0 ;0.900 ;0 ;2.55 ;22.7 ;0 ;13 ;10.6;
130 ;0:25.20 ;6644 ;0 ;0.693 ;59.6 ;0.0 ;0.900 ;0 ;2.55 ;26.4 ;0 ;14 ;14.7;
130 ;0:25.30 ;6967 ;6 ;0.701 ;57.9 ;0.0 ;0.900 ;0 ;3.22 ;45.4 ;0 ;18 ;16.7;
130 ;0:25.40 ;6900 ;24 ;0.721 ;57.1 ;0.0 ;0.900 ;0 ;4.70 ;50.3 ;0 ;27 ;22.6;
130 ;0:25.50 ;6843 ;36 ;0.723 ;56.1 ;0.0 ;0.900 ;0 ;5.28 ;43.4 ;0 ;30 ;23.7;
130 ;0:25.60 ;6727 ;38 ;0.735 ;55.6 ;0.0 ;0.900 ;0 ;5.41 ;42.2 ;0 ;30 ;26.4;
130 ;0:25.70 ;6558 ;39 ;0.762 ;52.7 ;0.0 ;0.900 ;0 ;5.54 ;40.4 ;0 ;30 ;24.4;
130 ;0:25.80 ;6519 ;40 ;0.830 ;51.2 ;0.0 ;0.900 ;0 ;5.59 ;40.0 ;0 ;30 ;26.3;
130 ;0:25.90 ;6432 ;41 ;0.784 ;49.9 ;0.0 ;0.900 ;0 ;5.68 ;39.1 ;0 ;30 ;25.6;
130 ;0:26.00 ;5909 ;42 ;0.959 ;50.0 ;0.0 ;0.900 ;0 ;5.96 ;34.6 ;0 ;29 ;28.4;
130 ;0:26.10 ;6549 ;43 ;1.246 ;47.7 ;0.0 ;0.900 ;0 ;5.63 ;39.8 ;0 ;31 ;29.9;
130 ;0:26.20 ;6058 ;41 ;0.744 ;47.7 ;0.0 ;0.900 ;0 ;5.89 ;26.8 ;0 ;30 ;27.4;
130 ;0:26.30 ;7094 ;40 ;0.735 ;48.7 ;0.0 ;0.900 ;0 ;5.34 ;45.8 ;1 ;31 ;28.7;
130 ;0:26.40 ;6888 ;40 ;0.750 ;46.7 ;0.0 ;0.900 ;0 ;5.38 ;43.7 ;0 ;31 ;31.6;
130 ;0:26.50 ;6778 ;40 ;0.748 ;44.9 ;0.0 ;0.900 ;0 ;5.44 ;42.6 ;0 ;30 ;29.6;
130 ;0:26.60 ;6562 ;41 ;0.769 ;43.6 ;0.0 ;0.900 ;0 ;5.60 ;40.4 ;0 ;31 ;30.5;
130 ;0:26.70 ;6803 ;41 ;0.766 ;41.3 ;0.0 ;0.900 ;0 ;5.47 ;42.8 ;0 ;31 ;31.3;
130 ;0:26.80 ;7113 ;41 ;1.175 ;38.9 ;0.0 ;0.900 ;0 ;5.39 ;45.9 ;0 ;32 ;33.9;
130 ;0:26.90 ;6954 ;42 ;0.717 ;38.2 ;0.0 ;0.900 ;0 ;5.39 ;44.0 ;0 ;31 ;36.3;
130 ;0:27.00 ;7476 ;42 ;0.733 ;38.4 ;0.0 ;0.900 ;0 ;5.53 ;49.2 ;1 ;35 ;44.1;
130 ;0:27.10 ;7533 ;42 ;0.702 ;36.9 ;0.0 ;0.900 ;0 ;5.55 ;49.8 ;0 ;35 ;42.8;
130 ;0:27.20 ;7134 ;42 ;0.700 ;35.2 ;0.0 ;0.900 ;0 ;5.40 ;45.8 ;0 ;32 ;40.9;
130 ;0:27.30 ;6939 ;42 ;0.718 ;34.1 ;0.0 ;0.900 ;0 ;5.40 ;43.9 ;0 ;31 ;40.6;
130 ;0:27.40 ;6469 ;40 ;0.699 ;33.1 ;0.0 ;0.900 ;0 ;5.62 ;39.5 ;0 ;30 ;43.8;
130 ;0:27.50 ;6296 ;35 ;0.716 ;31.0 ;0.0 ;0.900 ;0 ;5.54 ;38.0 ;0 ;29 ;43.1;
130 ;0:27.60 ;6123 ;33 ;0.717 ;30.8 ;0.0 ;0.900 ;0 ;5.56 ;36.2 ;0 ;28 ;44.5;
130 ;0:27.70 ;5815 ;26 ;0.707 ;27.7 ;0.0 ;0.900 ;0 ;5.41 ;35.5 ;0 ;26 ;39.4;
130 ;0:27.80 ;5572 ;18 ;0.706 ;29.1 ;0.0 ;0.900 ;0 ;5.00 ;38.9 ;0 ;23 ;38.2;
130 ;0:27.90 ;5575 ;17 ;0.721 ;28.4 ;0.0 ;0.900 ;0 ;4.78 ;41.0 ;0 ;22 ;36.5;
130 ;0:28.00 ;5495 ;16 ;0.723 ;27.8 ;0.0 ;0.900 ;0 ;4.58 ;42.5 ;0 ;21 ;33.7;
130 ;0:28.10 ;5812 ;16 ;0.740 ;29.7 ;0.0 ;0.900 ;0 ;4.51 ;45.3 ;0 ;22 ;33.3;
130 ;0:28.20 ;5661 ;16 ;0.751 ;29.3 ;0.0 ;0.900 ;0 ;4.55 ;43.9 ;0 ;21 ;35.0;
130 ;0:28.30 ;5652 ;16 ;0.740 ;28.9 ;0.0 ;0.900 ;0 ;4.55 ;43.8 ;0 ;21 ;36.4;
130 ;0:28.40 ;5423 ;15 ;0.728 ;26.8 ;0.0 ;0.900 ;0 ;4.38 ;43.5 ;0 ;19 ;33.2;
130 ;0:28.50 ;5040 ;15 ;0.744 ;26.9 ;0.0 ;0.900 ;0 ;4.47 ;39.1 ;0 ;18 ;30.8;
130 ;0:28.60 ;4806 ;14 ;0.768 ;26.0 ;0.0 ;0.900 ;0 ;4.24 ;37.4 ;0 ;17 ;27.3;
130 ;0:28.70 ;4564 ;12 ;0.763 ;26.7 ;0.0 ;0.900 ;0 ;4.00 ;34.4 ;0 ;15 ;25.5;
130 ;0:28.80 ;4550 ;10 ;0.771 ;26.2 ;0.0 ;0.900 ;0 ;3.99 ;32.4 ;0 ;15 ;26.4;
130 ;0:28.90 ;4532 ;10 ;0.776 ;25.3 ;0.0 ;0.900 ;0 ;3.99 ;32.2 ;0 ;15 ;25.8;
130 ;0:29.00 ;4453 ;9 ;0.773 ;25.8 ;0.0 ;0.900 ;0 ;3.99 ;30.4 ;0 ;14 ;25.1;
130 ;0:29.10 ;4471 ;9 ;0.768 ;24.9 ;0.0 ;0.900 ;0 ;3.99 ;30.6 ;0 ;14 ;25.4;
130 ;0:29.20 ;4418 ;8 ;0.765 ;25.4 ;0.0 ;0.900 ;0 ;3.99 ;29.1 ;0 ;14 ;26.6;
130 ;0:29.30 ;4457 ;8 ;0.766 ;27.3 ;0.0 ;0.900 ;0 ;3.99 ;29.5 ;0 ;14 ;26.2;
130 ;0:29.40 ;4379 ;8 ;0.780 ;25.3 ;0.0 ;0.900 ;0 ;3.99 ;28.7 ;0 ;14 ;25.4;
130 ;0:29.50 ;4306 ;8 ;0.766 ;25.3 ;0.0 ;0.900 ;0 ;3.99 ;28.0 ;0 ;14 ;25.2;
130 ;0:29.60 ;4307 ;8 ;0.758 ;24.5 ;0.0 ;0.900 ;0 ;3.99 ;28.0 ;0 ;14 ;24.1;
130 ;0:29.70 ;4246 ;7 ;0.753 ;24.7 ;0.0 ;0.900 ;0 ;3.85 ;26.5 ;0 ;13 ;24.7;
130 ;0:29.80 ;4208 ;7 ;0.758 ;24.0 ;0.0 ;0.900 ;0 ;3.85 ;26.1 ;0 ;13 ;23.7;
130 ;0:29.90 ;4118 ;7 ;0.802 ;24.2 ;0.0 ;0.900 ;0 ;3.85 ;25.3 ;0 ;13 ;25.0;
130 ;0:30.00 ;4411 ;7 ;0.800 ;23.4 ;0.0 ;0.900 ;0 ;3.85 ;28.1 ;0 ;14 ;25.1;
130 ;0:30.10 ;4320 ;6 ;0.804 ;24.6 ;0.0 ;0.900 ;0 ;3.72 ;26.3 ;0 ;13 ;24.3;
130 ;0:30.20 ;4317 ;5 ;0.828 ;24.2 ;0.0 ;0.900 ;0 ;3.58 ;25.4 ;0 ;13 ;21.3;
130 ;0:30.30 ;4341 ;1 ;0.844 ;24.3 ;0.0 ;0.900 ;0 ;2.77 ;15.4 ;0 ;10 ;16.8;
130 ;0:30.40 ;4446 ;0 ;0.863 ;24.5 ;0.0 ;0.900 ;0 ;2.55 ;12.7 ;0 ;9 ;18.4;
130 ;0:30.50 ;4656 ;0 ;0.894 ;23.5 ;0.0 ;0.900 ;0 ;2.55 ;13.6 ;0 ;10 ;19.4;
130 ;0:30.60 ;4716 ;0 ;0.913 ;24.4 ;0.0 ;0.900 ;0 ;2.55 ;13.8 ;0 ;10 ;18.5;
130 ;0:30.70 ;4805 ;0 ;0.985 ;24.9 ;0.0 ;0.900 ;0 ;2.55 ;14.2 ;0 ;10 ;19.7;
130 ;0:30.80 ;5013 ;0 ;1.029 ;24.4 ;0.0 ;0.900 ;0 ;2.55 ;15.0 ;0 ;10 ;18.0;
130 ;0:30.90 ;5002 ;0 ;1.036 ;26.7 ;0.0 ;0.900 ;0 ;2.55 ;15.0 ;0 ;10 ;19.0;
130 ;0:31.00 ;5307 ;0 ;1.019 ;26.5 ;0.0 ;0.900 ;0 ;2.55 ;16.5 ;0 ;11 ;18.9;
130 ;0:31.10 ;5618 ;0 ;0.985 ;28.5 ;0.0 ;0.900 ;0 ;2.55 ;18.0 ;0 ;12 ;18.7;
130 ;0:31.20 ;5927 ;0 ;0.940 ;29.7 ;0.0 ;0.900 ;0 ;2.55 ;19.6 ;0 ;12 ;18.9;
130 ;0:31.30 ;6089 ;0 ;0.864 ;31.4 ;0.0 ;0.900 ;0 ;2.55 ;20.8 ;0 ;13 ;18.9;
130 ;0:31.40 ;6296 ;0 ;0.872 ;31.7 ;0.0 ;0.900 ;0 ;2.55 ;22.9 ;0 ;13 ;18.1;
130 ;0:31.50 ;6747 ;0 ;0.904 ;34.6 ;0.0 ;0.900 ;0 ;2.55 ;27.4 ;0 ;14 ;19.9;
130 ;0:31.60 ;7004 ;0 ;0.927 ;34.7 ;0.0 ;0.900 ;0 ;2.55 ;30.0 ;0 ;15 ;18.3;
130 ;0:31.70 ;6294 ;0 ;0.920 ;35.3 ;0.0 ;0.900 ;0 ;2.55 ;22.9 ;0 ;13 ;15.7;
130 ;0:31.80 ;5656 ;0 ;0.891 ;38.1 ;0.0 ;0.900 ;0 ;2.55 ;18.2 ;0 ;12 ;13.2;
130 ;0:31.90 ;5634 ;0 ;0.915 ;39.1 ;0.0 ;0.900 ;0 ;2.55 ;18.1 ;0 ;12 ;13.9;
130 ;0:32.00 ;5967 ;0 ;0.959 ;42.7 ;0.0 ;0.900 ;0 ;2.55 ;19.8 ;0 ;12 ;14.4;
130 ;0:32.10 ;6011 ;0 ;0.983 ;41.4 ;0.0 ;0.900 ;0 ;2.55 ;20.1 ;0 ;12 ;12.6;
130 ;0:32.20 ;5326 ;0 ;1.002 ;43.7 ;0.0 ;0.900 ;0 ;2.55 ;16.6 ;0 ;11 ;10.6;
130 ;0:32.30 ;5266 ;0 ;1.016 ;43.7 ;0.0 ;0.900 ;0 ;2.55 ;16.3 ;0 ;11 ;11.2;
130 ;0:32.40 ;5730 ;0 ;1.025 ;48.3 ;0.0 ;0.900 ;0 ;2.55 ;18.6 ;0 ;12 ;11.7;
130 ;0:32.50 ;5842 ;0 ;1.053 ;47.7 ;0.0 ;0.900 ;0 ;2.55 ;19.2 ;0 ;12 ;11.4;
130 ;0:32.60 ;5837 ;0 ;1.071 ;49.7 ;0.0 ;0.900 ;0 ;2.55 ;19.1 ;0 ;12 ;11.6;
130 ;0:32.70 ;6019 ;0 ;1.069 ;49.8 ;0.0 ;0.900 ;0 ;2.55 ;20.1 ;0 ;12 ;11.7;
130 ;0:32.80 ;6087 ;0 ;1.057 ;50.0 ;0.0 ;0.900 ;0 ;2.55 ;20.8 ;0 ;13 ;11.8;
130 ;0:32.90 ;6127 ;0 ;0.983 ;51.9 ;0.0 ;0.900 ;0 ;2.55 ;21.2 ;0 ;13 ;11.5;
130 ;0:33.00 ;6483 ;0 ;0.880 ;54.9 ;0.0 ;0.900 ;0 ;2.55 ;24.8 ;0 ;13 ;10.9;
130 ;0:33.10 ;6252 ;0 ;0.731 ;54.3 ;0.0 ;0.900 ;0 ;2.55 ;22.5 ;0 ;13 ;10.3;
130 ;0:33.20 ;6656 ;0 ;0.695 ;55.2 ;0.0 ;0.900 ;0 ;2.55 ;26.5 ;0 ;14 ;13.4;
130 ;0:33.30 ;6855 ;6 ;0.707 ;55.6 ;0.0 ;0.900 ;0 ;3.24 ;45.0 ;0 ;18 ;14.7;
130 ;0:33.40 ;6911 ;15 ;0.718 ;58.9 ;0.0 ;0.900 ;0 ;3.85 ;54.2 ;0 ;22 ;22.6;
130 ;0:33.50 ;6720 ;33 ;0.717 ;58.0 ;0.0 ;0.900 ;0 ;5.25 ;42.3 ;0 ;29 ;25.1;
130 ;0:33.60 ;6734 ;36 ;0.727 ;53.9 ;0.0 ;0.900 ;0 ;5.34 ;42.3 ;0 ;30 ;25.0;
130 ;0:33.70 ;6641 ;37 ;0.781 ;53.7 ;0.0 ;0.900 ;0 ;5.42 ;41.4 ;0 ;30 ;25.5;
130 ;0:33.80 ;6375 ;37 ;0.784 ;51.9 ;0.0 ;0.900 ;0 ;5.57 ;38.7 ;0 ;29 ;26.8;
130 ;0:33.90 ;6239 ;38 ;0.758 ;52.5 ;0.0 ;0.900 ;0 ;5.68 ;37.3 ;0 ;29 ;26.2;
130 ;0:34.00 ;6266 ;38 ;0.981 ;50.5 ;0.0 ;0.900 ;0 ;5.66 ;37.6 ;0 ;29 ;26.2;
130 ;0:34.10 ;6375 ;35 ;0.724 ;48.2 ;0.0 ;0.900 ;0 ;5.50 ;34.3 ;0 ;29 ;26.9;
130 ;0:34.20 ;7295 ;33 ;0.749 ;47.0 ;0.0 ;0.900 ;0 ;5.21 ;48.7 ;1 ;32 ;29.3;
130 ;0:34.30 ;6830 ;32 ;0.745 ;48.2 ;0.0 ;0.900 ;0 ;5.14 ;44.1 ;0 ;29 ;28.5;
130 ;0:34.40 ;7373 ;33 ;0.740 ;47.5 ;0.0 ;0.900 ;0 ;5.24 ;49.7 ;0 ;32 ;30.8;
130 ;0:34.50 ;7373 ;35 ;0.763 ;44.0 ;0.0 ;0.900 ;0 ;5.30 ;49.5 ;0 ;32 ;32.6;
130 ;0:34.60 ;7217 ;38 ;0.766 ;42.7 ;0.0 ;0.900 ;0 ;5.33 ;47.3 ;0 ;32 ;38.3;
130 ;0:34.70 ;6944 ;41 ;0.910 ;41.1 ;0.0 ;0.900 ;0 ;5.39 ;44.2 ;0 ;31 ;39.7;
130 ;0:34.80 ;6722 ;43 ;1.336 ;40.7 ;0.0 ;0.900 ;0 ;5.53 ;41.5 ;0 ;31 ;37.8;
130 ;0:34.90 ;6965 ;42 ;0.728 ;40.8 ;0.0 ;0.900 ;0 ;5.38 ;19.1 ;0 ;31 ;39.2;
130 ;0:35.00 ;7848 ;42 ;0.722 ;37.8 ;0.0 ;0.900 ;0 ;5.65 ;52.8 ;0 ;37 ;44.7;
130 ;0:35.10 ;7560 ;43 ;0.701 ;37.9 ;0.0 ;0.900 ;0 ;5.57 ;49.7 ;0 ;35 ;40.3;
130 ;0:35.20 ;7083 ;42 ;0.680 ;35.3 ;0.0 ;0.900 ;0 ;5.38 ;45.3 ;0 ;32 ;41.7;
130 ;0:35.30 ;6725 ;42 ;0.701 ;34.4 ;0.0 ;0.900 ;0 ;5.52 ;41.8 ;0 ;31 ;43.3;
130 ;0:35.40 ;6542 ;42 ;0.791 ;32.5 ;0.0 ;0.900 ;0 ;5.63 ;40.0 ;0 ;31 ;42.2;
130 ;0:35.50 ;6025 ;37 ;0.777 ;32.0 ;0.0 ;0.900 ;0 ;5.76 ;35.1 ;0 ;28 ;44.9;
130 ;0:35.60 ;5978 ;33 ;0.810 ;29.2 ;0.0 ;0.900 ;0 ;5.63 ;35.0 ;0 ;27 ;41.8;
130 ;0:35.70 ;5877 ;30 ;0.807 ;31.5 ;0.0 ;0.900 ;0 ;5.55 ;35.3 ;0 ;27 ;44.8;
130 ;0:35.80 ;5707 ;26 ;0.724 ;28.2 ;0.0 ;0.900 ;0 ;5.44 ;35.4 ;0 ;26 ;41.0;
130 ;0:35.90 ;5125 ;21 ;0.718 ;27.5 ;0.0 ;0.900 ;0 ;5.30 ;36.2 ;0 ;22 ;37.5;
130 ;0:36.00 ;4945 ;17 ;0.731 ;27.4 ;0.0 ;0.900 ;0 ;4.89 ;37.3 ;0 ;20 ;31.4;
130 ;0:36.10 ;4641 ;12 ;0.719 ;27.7 ;0.0 ;0.900 ;0 ;4.01 ;35.2 ;0 ;15 ;25.0;
130 ;0:36.20 ;4760 ;10 ;0.732 ;27.3 ;0.0 ;0.900 ;0 ;4.00 ;34.4 ;0 ;15 ;26.1;
130 ;0:36.30 ;4578 ;9 ;0.732 ;26.7 ;0.0 ;0.900 ;0 ;3.99 ;31.5 ;0 ;15 ;25.0;
130 ;0:36.40 ;4658 ;9 ;0.750 ;26.0 ;0.0 ;0.900 ;0 ;3.99 ;32.4 ;0 ;15 ;25.1;
130 ;0:36.50 ;4555 ;9 ;0.750 ;27.7 ;0.0 ;0.900 ;0 ;3.99 ;31.4 ;0 ;15 ;25.7;
130 ;0:36.60 ;4597 ;8 ;0.745 ;25.7 ;0.0 ;0.900 ;0 ;3.99 ;30.9 ;0 ;15 ;26.1;
130 ;0:36.70 ;4574 ;8 ;0.760 ;26.1 ;0.0 ;0.900 ;0 ;3.99 ;30.7 ;0 ;15 ;26.2;
130 ;0:36.80 ;4574 ;8 ;0.767 ;25.6 ;0.0 ;0.900 ;0 ;3.99 ;30.7 ;0 ;15 ;25.5;
130 ;0:36.90 ;4425 ;8 ;0.766 ;26.2 ;0.0 ;0.900 ;0 ;3.99 ;29.2 ;0 ;14 ;25.7;
130 ;0:37.00 ;4570 ;8 ;0.765 ;26.1 ;0.0 ;0.900 ;0 ;3.99 ;30.7 ;0 ;15 ;26.4;
130 ;0:37.10 ;4435 ;8 ;0.777 ;25.8 ;0.0 ;0.900 ;0 ;3.99 ;29.3 ;0 ;14 ;26.5;
130 ;0:37.20 ;4367 ;8 ;0.797 ;26.3 ;0.0 ;0.900 ;0 ;3.99 ;28.6 ;0 ;14 ;26.4;
130 ;0:37.30 ;4353 ;8 ;0.781 ;24.3 ;0.0 ;0.900 ;0 ;3.99 ;28.5 ;0 ;14 ;25.7;
130 ;0:37.40 ;4307 ;8 ;0.788 ;24.4 ;0.0 ;0.900 ;0 ;3.99 ;28.0 ;0 ;14 ;26.6;
130 ;0:37.50 ;4098 ;8 ;0.775 ;24.5 ;0.0 ;0.900 ;0 ;3.99 ;25.9 ;0 ;13 ;25.1;
130 ;0:37.60 ;4181 ;8 ;0.773 ;23.6 ;0.0 ;0.900 ;0 ;3.99 ;26.8 ;0 ;14 ;26.3;
130 ;0:37.70 ;4076 ;8 ;0.768 ;23.3 ;0.0 ;0.900 ;0 ;3.99 ;25.7 ;0 ;13 ;26.3;
130 ;0:37.80 ;4058 ;7 ;0.777 ;23.1 ;0.0 ;0.900 ;0 ;3.85 ;24.7 ;0 ;13 ;26.9;
130 ;0:37.90 ;4380 ;6 ;0.811 ;21.7 ;0.0 ;0.900 ;0 ;3.72 ;26.9 ;0 ;13 ;25.2;
130 ;0:38.00 ;3937 ;5 ;0.808 ;22.1 ;0.0 ;0.900 ;0 ;3.58 ;22.3 ;0 ;11 ;22.1;
130 ;0:38.10 ;3756 ;2 ;0.818 ;24.0 ;0.0 ;0.900 ;0 ;2.97 ;15.4 ;0 ;9 ;17.7;
130 ;0:38.20 ;4002 ;1 ;0.819 ;24.0 ;0.0 ;0.900 ;0 ;2.77 ;13.7 ;0 ;9 ;18.2;
130 ;0:38.30 ;4166 ;0 ;0.813 ;22.2 ;0.0 ;0.900 ;0 ;2.55 ;11.6 ;0 ;8 ;17.0;
130 ;0:38.40 ;4244 ;0 ;0.820 ;21.9 ;0.0 ;0.900 ;0 ;2.55 ;11.9 ;0 ;9 ;17.9;
130 ;0:38.50 ;4337 ;0 ;0.826 ;23.4 ;0.0 ;0.900 ;0 ;2.55 ;12.3 ;0 ;9 ;19.1;
130 ;0:38.60 ;4402 ;0 ;0.837 ;22.1 ;0.0 ;0.900 ;0 ;2.55 ;12.6 ;0 ;9 ;20.0;
130 ;0:38.70 ;4554 ;0 ;0.850 ;22.3 ;0.0 ;0.900 ;0 ;2.55 ;13.2 ;0 ;9 ;19.3;
130 ;0:38.80 ;4518 ;0 ;0.883 ;22.7 ;0.0 ;0.900 ;0 ;2.55 ;13.0 ;0 ;9 ;18.5;
130 ;0:38.90 ;4719 ;0 ;0.872 ;24.2 ;0.0 ;0.900 ;0 ;2.55 ;13.8 ;0 ;10 ;20.5;
130 ;0:39.00 ;4986 ;0 ;0.847 ;24.1 ;0.0 ;0.900 ;0 ;2.55 ;14.9 ;0 ;10 ;19.7;
130 ;0:39.10 ;4965 ;0 ;0.853 ;26.2 ;0.0 ;0.900 ;0 ;2.55 ;14.7 ;0 ;10 ;17.2;
130 ;0:39.20 ;4756 ;0 ;0.904 ;30.6 ;0.0 ;0.900 ;0 ;2.55 ;14.0 ;0 ;10 ;14.7;
130 ;0:39.30 ;4664 ;0 ;0.864 ;30.1 ;0.0 ;0.900 ;0 ;2.55 ;13.6 ;0 ;10 ;14.3;
130 ;0:39.40 ;4408 ;0 ;0.857 ;33.0 ;0.0 ;0.900 ;0 ;2.55 ;12.6 ;0 ;9 ;11.6;
130 ;0:39.50 ;3984 ;0 ;0.889 ;35.0 ;0.0 ;0.900 ;0 ;2.54 ;10.9 ;0 ;8 ;11.3;
130 ;0:39.60 ;4323 ;0 ;0.851 ;34.8 ;0.0 ;0.900 ;0 ;2.55 ;12.2 ;0 ;9 ;11.2;
130 ;0:39.70 ;4638 ;0 ;0.858 ;36.8 ;0.0 ;0.900 ;0 ;2.55 ;13.5 ;0 ;9 ;11.7;
130 ;0:39.80 ;4414 ;0 ;0.972 ;39.3 ;0.0 ;0.900 ;0 ;2.55 ;12.6 ;0 ;9 ;10.4;
130 ;0:39.90 ;4344 ;0 ;1.087 ;39.9 ;0.0 ;0.900 ;0 ;2.55 ;12.4 ;0 ;9 ;9.8;
130 ;0:40.00 ;3923 ;0 ;1.074 ;42.0 ;0.0 ;0.900 ;0 ;2.53 ;10.9 ;0 ;8 ;7.9;
130 ;0:40.10 ;3553 ;0 ;1.056 ;45.6 ;0.0 ;0.900 ;0 ;2.46 ;10.5 ;0 ;7 ;7.7;
130 ;0:40.20 ;3992 ;0 ;1.028 ;46.3 ;0.0 ;0.900 ;0 ;2.54 ;10.9 ;0 ;8 ;8.6;
130 ;0:40.30 ;4532 ;0 ;1.036 ;49.2 ;0.0 ;0.900 ;0 ;2.55 ;13.1 ;0 ;9 ;8.8;
130 ;0:40.40 ;4728 ;0 ;1.036 ;52.3 ;0.0 ;0.900 ;0 ;2.55 ;13.9 ;0 ;10 ;9.3;
130 ;0:40.50 ;4728 ;0 ;0.994 ;50.7 ;0.0 ;0.900 ;0 ;2.55 ;13.9 ;0 ;10 ;9.0;
130 ;0:40.60 ;4822 ;0 ;0.847 ;52.9 ;0.0 ;0.900 ;0 ;2.55 ;14.2 ;0 ;10 ;8.6;
130 ;0:40.70 ;4854 ;0 ;0.753 ;55.9 ;0.0 ;0.900 ;0 ;2.55 ;14.4 ;0 ;10 ;8.5;
130 ;0:40.80 ;4993 ;0 ;0.750 ;56.0 ;0.0 ;0.900 ;0 ;2.55 ;15.0 ;0 ;10 ;8.9;
130 ;0:40.90 ;5246 ;1 ;0.785 ;54.8 ;0.0 ;0.900 ;0 ;2.77 ;19.9 ;0 ;12 ;13.2;
130 ;0:41.00 ;5384 ;26 ;0.841 ;55.7 ;0.0 ;0.900 ;0 ;5.53 ;34.8 ;0 ;25 ;21.1;
130 ;0:41.10 ;5252 ;37 ;0.842 ;53.8 ;0.0 ;0.900 ;0 ;5.99 ;34.7 ;0 ;26 ;21.0;
130 ;0:41.20 ;5056 ;37 ;0.866 ;53.4 ;0.0 ;0.900 ;0 ;6.05 ;34.6 ;0 ;26 ;22.0;
130 ;0:41.30 ;4856 ;37 ;0.798 ;52.1 ;0.0 ;0.900 ;0 ;6.01 ;33.9 ;0 ;24 ;22.2;
130 ;0:41.40 ;4661 ;37 ;0.986 ;54.6 ;0.0 ;0.900 ;0 ;5.97 ;33.0 ;0 ;23 ;22.7;
130 ;0:41.50 ;4822 ;38 ;1.110 ;51.6 ;0.0 ;0.900 ;0 ;6.03 ;33.7 ;0 ;24 ;25.0;
130 ;0:41.60 ;5078 ;37 ;0.802 ;53.0 ;0.0 ;0.900 ;0 ;6.04 ;21.6 ;0 ;25 ;21.7;
130 ;0:41.70 ;5391 ;37 ;0.866 ;50.8 ;0.0 ;0.900 ;0 ;5.95 ;34.7 ;0 ;26 ;21.0;
130 ;0:41.80 ;5442 ;37 ;0.896 ;50.4 ;0.0 ;0.900 ;0 ;5.93 ;34.7 ;0 ;27 ;22.5;
130 ;0:41.90 ;5146 ;37 ;0.906 ;48.1 ;0.0 ;0.900 ;0 ;6.02 ;34.6 ;0 ;26 ;26.5;
130 ;0:42.00 ;4720 ;37 ;0.990 ;49.9 ;0.0 ;0.900 ;0 ;5.98 ;33.3 ;0 ;23 ;25.9;
130 ;0:42.10 ;4900 ;37 ;1.336 ;48.3 ;0.0 ;0.900 ;0 ;6.03 ;34.1 ;0 ;24 ;28.9;
130 ;0:42.20 ;5006 ;36 ;0.933 ;44.9 ;0.0 ;0.900 ;0 ;6.03 ;34.7 ;0 ;25 ;23.7;
130 ;0:42.30 ;5490 ;35 ;0.919 ;46.0 ;0.0 ;0.900 ;0 ;5.85 ;34.9 ;1 ;27 ;25.5;
130 ;0:42.40 ;5442 ;35 ;0.916 ;43.8 ;0.0 ;0.900 ;0 ;5.87 ;34.9 ;0 ;27 ;27.5;
130 ;0:42.50 ;5144 ;35 ;0.830 ;43.2 ;0.0 ;0.900 ;0 ;5.96 ;34.8 ;0 ;25 ;27.3;
130 ;0:42.60 ;5476 ;37 ;0.936 ;42.2 ;0.0 ;0.900 ;0 ;5.93 ;34.7 ;0 ;28 ;33.9;
130 ;0:42.70 ;6245 ;38 ;1.242 ;39.8 ;0.0 ;0.900 ;0 ;5.68 ;37.3 ;0 ;29 ;33.3;
130 ;0:42.80 ;6204 ;37 ;0.808 ;38.2 ;0.0 ;0.900 ;0 ;5.66 ;36.9 ;0 ;29 ;30.6;
130 ;0:42.90 ;5875 ;38 ;0.704 ;39.8 ;0.0 ;0.900 ;0 ;5.85 ;34.9 ;1 ;30 ;37.0;
130 ;0:43.00 ;6820 ;39 ;0.721 ;36.6 ;0.0 ;0.900 ;0 ;5.39 ;43.1 ;0 ;31 ;38.4;
130 ;0:43.10 ;7017 ;42 ;0.813 ;36.2 ;0.0 ;0.900 ;0 ;5.36 ;44.6 ;0 ;31 ;38.1;
130 ;0:43.20 ;6916 ;43 ;0.875 ;34.4 ;0.0 ;0.900 ;0 ;5.42 ;43.4 ;0 ;31 ;38.8;
130 ;0:43.30 ;6526 ;43 ;1.065 ;32.8 ;0.0 ;0.900 ;0 ;5.65 ;39.6 ;0 ;31 ;37.9;
130 ;0:43.40 ;6025 ;42 ;0.766 ;33.2 ;0.0 ;0.900 ;0 ;5.92 ;30.9 ;0 ;30 ;40.0;
130 ;0:43.50 ;6537 ;40 ;0.787 ;30.9 ;0.0 ;0.900 ;0 ;5.58 ;40.2 ;1 ;30 ;42.7;
130 ;0:43.60 ;5956 ;35 ;0.853 ;32.4 ;0.0 ;0.900 ;0 ;5.71 ;35.0 ;0 ;28 ;41.6;
130 ;0:43.70 ;6085 ;35 ;0.888 ;29.8 ;0.0 ;0.900 ;0 ;5.65 ;35.8 ;0 ;28 ;44.6;
130 ;0:43.80 ;5654 ;34 ;0.853 ;29.1 ;0.0 ;0.900 ;0 ;5.77 ;35.0 ;0 ;27 ;45.5;
130 ;0:43.90 ;5408 ;32 ;0.777 ;26.7 ;0.0 ;0.900 ;0 ;5.77 ;34.9 ;0 ;26 ;43.3;
130 ;0:44.00 ;5036 ;27 ;0.751 ;25.1 ;0.0 ;0.900 ;0 ;5.67 ;34.3 ;0 ;23 ;37.6;
130 ;0:44.10 ;4812 ;19 ;0.744 ;25.2 ;0.0 ;0.900 ;0 ;5.17 ;35.5 ;0 ;20 ;32.9;
130 ;0:44.20 ;4618 ;15 ;0.736 ;26.0 ;0.0 ;0.900 ;0 ;4.45 ;35.3 ;0 ;17 ;27.4;
130 ;0:44.30 ;4446 ;12 ;0.740 ;24.8 ;0.0 ;0.900 ;0 ;4.00 ;33.3 ;0 ;14 ;26.6;
130 ;0:44.40 ;4457 ;11 ;0.738 ;25.1 ;0.0 ;0.900 ;0 ;4.00 ;32.4 ;0 ;14 ;26.4;
130 ;0:44.50 ;4407 ;9 ;0.734 ;24.9 ;0.0 ;0.900 ;0 ;3.99 ;29.9 ;0 ;14 ;26.6;
130 ;0:44.60 ;4365 ;8 ;0.745 ;25.1 ;0.0 ;0.900 ;0 ;3.99 ;28.6 ;0 ;14 ;25.9;
130 ;0:44.70 ;4426 ;8 ;0.734 ;26.7 ;0.0 ;0.900 ;0 ;3.99 ;29.2 ;0 ;14 ;24.3;
130 ;0:44.80 ;4426 ;7 ;0.744 ;25.0 ;0.0 ;0.900 ;0 ;3.85 ;28.2 ;0 ;14 ;24.2;
130 ;0:44.90 ;4447 ;7 ;0.743 ;24.7 ;0.0 ;0.900 ;0 ;3.85 ;28.4 ;0 ;14 ;25.0;
130 ;0:45.00 ;4381 ;7 ;0.747 ;25.9 ;0.0 ;0.900 ;0 ;3.85 ;27.8 ;0 ;14 ;25.0;
130 ;0:45.10 ;4365 ;7 ;0.757 ;26.0 ;0.0 ;0.900 ;0 ;3.85 ;27.6 ;0 ;14 ;25.7;
130 ;0:45.20 ;4396 ;7 ;0.748 ;25.5 ;0.0 ;0.900 ;0 ;3.85 ;27.9 ;0 ;14 ;24.0;
130 ;0:45.30 ;4370 ;7 ;0.748 ;25.6 ;0.0 ;0.900 ;0 ;3.85 ;27.7 ;0 ;14 ;24.5;
130 ;0:45.40 ;4369 ;7 ;0.744 ;25.3 ;0.0 ;0.900 ;0 ;3.85 ;27.6 ;0 ;14 ;26.0;
130 ;0:45.50 ;4416 ;7 ;0.749 ;24.6 ;0.0 ;0.900 ;0 ;3.85 ;28.1 ;0 ;14 ;25.2;
130 ;0:45.60 ;4394 ;7 ;0.755 ;26.3 ;0.0 ;0.900 ;0 ;3.85 ;27.9 ;0 ;14 ;26.2;
130 ;0:45.70 ;4299 ;7 ;0.760 ;24.4 ;0.0 ;0.900 ;0 ;3.85 ;27.0 ;0 ;13 ;24.6;
130 ;0:45.80 ;4336 ;7 ;0.767 ;25.7 ;0.0 ;0.900 ;0 ;3.85 ;27.1 ;0 ;13 ;25.9;
130 ;0:45.90 ;4288 ;7 ;0.767 ;24.8 ;0.0 ;0.900 ;0 ;3.85 ;26.9 ;0 ;13 ;25.7;
130 ;0:46.00 ;4215 ;8 ;0.783 ;24.5 ;0.0 ;0.900 ;0 ;3.99 ;27.1 ;0 ;14 ;26.7;
130 ;0:46.10 ;4152 ;8 ;0.783 ;25.0 ;0.0 ;0.900 ;0 ;3.99 ;26.5 ;0 ;13 ;26.2;
130 ;0:46.20 ;4279 ;8 ;0.773 ;22.7 ;0.0 ;0.900 ;0 ;3.99 ;27.7 ;0 ;14 ;26.8;
130 ;0:46.30 ;4172 ;8 ;0.783 ;21.1 ;0.0 ;0.900 ;0 ;3.99 ;26.7 ;0 ;13 ;26.0;
130 ;0:46.40 ;3839 ;7 ;0.793 ;23.3 ;0.0 ;0.900 ;0 ;3.85 ;23.4 ;0 ;12 ;24.0;
130 ;0:46.50 ;3905 ;7 ;0.810 ;21.9 ;0.0 ;0.900 ;0 ;3.85 ;23.7 ;0 ;12 ;26.9;
130 ;0:46.60 ;4069 ;5 ;0.786 ;21.6 ;0.0 ;0.900 ;0 ;3.58 ;23.2 ;0 ;12 ;30.3;
130 ;0:46.70 ;4418 ;5 ;0.815 ;21.0 ;0.0 ;0.900 ;0 ;3.58 ;26.2 ;0 ;13 ;27.8;
130 ;0:46.80 ;3517 ;4 ;0.812 ;20.0 ;0.0 ;0.900 ;0 ;3.45 ;18.6 ;0 ;10 ;21.5;
130 ;0:46.90 ;3382 ;4 ;0.801 ;19.2 ;0.0 ;0.900 ;0 ;3.45 ;17.6 ;0 ;9 ;22.4;
130 ;0:47.00 ;3956 ;4 ;0.817 ;19.8 ;0.0 ;0.900 ;0 ;3.45 ;21.6 ;0 ;11 ;25.9;
130 ;0:47.10 ;4228 ;1 ;0.910 ;19.3 ;0.0 ;0.900 ;0 ;2.77 ;14.8 ;0 ;9 ;21.5;
130 ;0:47.20 ;4097 ;0 ;0.880 ;18.9 ;0.0 ;0.900 ;0 ;2.55 ;11.3 ;0 ;8 ;18.5;
130 ;0:47.30 ;3399 ;0 ;0.877 ;22.1 ;0.0 ;0.900 ;0 ;2.44 ;10.3 ;0 ;6 ;14.2;
130 ;0:47.40 ;3587 ;0 ;0.883 ;22.4 ;0.0 ;0.900 ;0 ;2.47 ;10.5 ;0 ;7 ;19.6;
130 ;0:47.50 ;4691 ;0 ;0.897 ;22.6 ;0.0 ;0.900 ;0 ;2.55 ;13.7 ;0 ;10 ;18.1;
130 ;0:47.60 ;4852 ;0 ;0.970 ;24.6 ;0.0 ;0.900 ;0 ;2.55 ;14.4 ;0 ;10 ;18.3;
130 ;0:47.70 ;5227 ;0 ;1.000 ;25.1 ;0.0 ;0.900 ;0 ;2.55 ;16.1 ;0 ;11 ;18.8;
130 ;0:47.80 ;5176 ;0 ;1.014 ;26.1 ;0.0 ;0.900 ;0 ;2.55 ;15.8 ;0 ;11 ;17.5;
130 ;0:47.90 ;5211 ;0 ;0.970 ;27.8 ;0.0 ;0.900 ;0 ;2.55 ;16.0 ;0 ;11 ;19.6;
130 ;0:48.00 ;5792 ;0 ;0.918 ;28.9 ;0.0 ;0.900 ;0 ;2.55 ;18.9 ;0 ;12 ;19.2;
130 ;0:48.10 ;5975 ;0 ;0.907 ;29.9 ;0.0 ;0.900 ;0 ;2.55 ;19.8 ;0 ;12 ;19.2;
130 ;0:48.20 ;6186 ;0 ;0.900 ;30.4 ;0.0 ;0.900 ;0 ;2.55 ;21.8 ;0 ;13 ;16.8;
130 ;0:48.30 ;5544 ;0 ;0.917 ;33.0 ;0.0 ;0.900 ;0 ;2.55 ;17.7 ;0 ;11 ;15.1;
130 ;0:48.40 ;5227 ;0 ;0.956 ;34.9 ;0.0 ;0.900 ;0 ;2.55 ;16.1 ;0 ;11 ;14.2;
130 ;0:48.50 ;5583 ;0 ;0.929 ;35.9 ;0.0 ;0.900 ;0 ;2.55 ;17.9 ;0 ;12 ;13.8;
130 ;0:48.60 ;5293 ;0 ;0.998 ;40.3 ;0.0 ;0.900 ;0 ;2.55 ;16.2 ;0 ;11 ;11.6;
130 ;0:48.70 ;4961 ;0 ;1.030 ;39.4 ;0.0 ;0.900 ;0 ;2.55 ;14.8 ;0 ;10 ;11.3;
130 ;0:48.80 ;5032 ;0 ;1.048 ;42.3 ;0.0 ;0.900 ;0 ;2.55 ;15.1 ;0 ;10 ;12.2;
130 ;0:48.90 ;5260 ;0 ;1.043 ;44.6 ;0.0 ;0.900 ;0 ;2.55 ;16.3 ;0 ;11 ;11.3;
130 ;0:49.00 ;5452 ;0 ;1.029 ;44.7 ;0.0 ;0.900 ;0 ;2.55 ;17.2 ;0 ;11 ;11.6;
130 ;0:49.10 ;5093 ;0 ;1.039 ;44.8 ;0.0 ;0.900 ;0 ;2.55 ;15.2 ;0 ;10 ;9.7;
130 ;0:49.20 ;4778 ;0 ;1.011 ;49.1 ;0.0 ;0.900 ;0 ;2.55 ;14.1 ;0 ;10 ;10.2;
130 ;0:49.30 ;5225 ;0 ;0.984 ;48.4 ;0.0 ;0.900 ;0 ;2.55 ;16.2 ;0 ;11 ;9.8;
130 ;0:49.40 ;5256 ;0 ;1.014 ;51.2 ;0.0 ;0.900 ;0 ;2.55 ;16.2 ;0 ;11 ;10.2;
130 ;0:49.50 ;5311 ;0 ;1.005 ;51.3 ;0.0 ;0.900 ;0 ;2.55 ;16.5 ;0 ;11 ;9.8;
130 ;0:49.60 ;5420 ;0 ;0.953 ;50.5 ;0.0 ;0.900 ;0 ;2.55 ;17.1 ;0 ;11 ;9.6;
130 ;0:49.70 ;5521 ;0 ;0.818 ;52.4 ;0.0 ;0.900 ;0 ;2.55 ;17.6 ;0 ;11 ;10.3;
130 ;0:49.80 ;5508 ;0 ;0.753 ;53.0 ;0.0 ;0.900 ;0 ;2.55 ;17.3 ;0 ;11 ;9.3;
130 ;0:49.90 ;5627 ;0 ;0.745 ;55.3 ;0.0 ;0.900 ;0 ;2.55 ;18.1 ;0 ;12 ;13.8;
130 ;0:50.00 ;6015 ;28 ;0.774 ;57.5 ;0.0 ;0.900 ;0 ;5.42 ;35.8 ;0 ;27 ;21.3;
130 ;0:50.10 ;5926 ;32 ;0.814 ;56.1 ;0.0 ;0.900 ;0 ;5.61 ;35.1 ;0 ;27 ;21.9;
130 ;0:50.20 ;5778 ;32 ;0.820 ;57.1 ;0.0 ;0.900 ;0 ;5.66 ;35.1 ;0 ;27 ;22.9;
130 ;0:50.30 ;5466 ;35 ;0.787 ;52.7 ;0.0 ;0.900 ;0 ;5.86 ;34.9 ;0 ;27 ;24.6;
130 ;0:50.40 ;5325 ;35 ;0.868 ;52.9 ;0.0 ;0.900 ;0 ;5.91 ;34.9 ;0 ;26 ;24.3;
130 ;0:50.50 ;5676 ;38 ;0.968 ;51.0 ;0.0 ;0.900 ;0 ;5.90 ;34.8 ;0 ;27 ;27.1;
130 ;0:50.60 ;5552 ;38 ;0.798 ;49.7 ;0.0 ;0.900 ;0 ;5.93 ;24.7 ;0 ;27 ;23.4;
130 ;0:50.70 ;6034 ;38 ;0.823 ;48.3 ;0.0 ;0.900 ;0 ;5.79 ;35.2 ;0 ;29 ;27.7;
130 ;0:50.80 ;5874 ;38 ;0.897 ;47.1 ;0.0 ;0.900 ;0 ;5.85 ;34.9 ;0 ;28 ;25.9;
130 ;0:50.90 ;5832 ;38 ;0.857 ;47.4 ;0.0 ;0.900 ;0 ;5.86 ;34.8 ;0 ;28 ;26.2;
130 ;0:51.00 ;5742 ;39 ;0.860 ;45.7 ;0.0 ;0.900 ;0 ;5.92 ;34.7 ;0 ;28 ;29.1;
130 ;0:51.10 ;6123 ;40 ;1.000 ;45.4 ;0.0 ;0.900 ;0 ;5.81 ;36.1 ;0 ;29 ;28.5;
130 ;0:51.20 ;6171 ;40 ;0.765 ;41.5 ;0.0 ;0.900 ;0 ;5.79 ;36.6 ;0 ;29 ;28.8;
130 ;0:51.30 ;5961 ;39 ;0.949 ;43.0 ;0.0 ;0.900 ;0 ;5.85 ;34.8 ;1 ;30 ;33.0;
130 ;0:51.40 ;6155 ;39 ;0.992 ;40.9 ;0.0 ;0.900 ;0 ;5.76 ;36.4 ;0 ;29 ;30.7;
130 ;0:51.50 ;5746 ;39 ;0.991 ;40.4 ;0.0 ;0.900 ;0 ;5.92 ;34.7 ;0 ;28 ;32.3;
130 ;0:51.60 ;5762 ;42 ;1.013 ;38.4 ;0.0 ;0.900 ;0 ;5.99 ;34.6 ;0 ;28 ;33.7;
130 ;0:51.70 ;5224 ;42 ;1.022 ;36.9 ;0.0 ;0.900 ;0 ;6.13 ;34.3 ;0 ;26 ;35.0;
130 ;0:51.80 ;5496 ;43 ;0.869 ;34.7 ;0.0 ;0.900 ;0 ;6.07 ;34.4 ;0 ;27 ;36.1;
130 ;0:51.90 ;5817 ;43 ;0.716 ;33.2 ;0.0 ;0.900 ;0 ;5.99 ;20.9 ;0 ;29 ;38.3;
130 ;0:52.00 ;6718 ;43 ;0.743 ;32.3 ;0.0 ;0.900 ;0 ;5.58 ;40.8 ;0 ;31 ;43.7;
130 ;0:52.10 ;6445 ;41 ;0.810 ;31.1 ;0.0 ;0.900 ;0 ;5.67 ;39.2 ;0 ;30 ;44.0;
130 ;0:52.20 ;6056 ;38 ;0.754 ;31.8 ;0.0 ;0.900 ;0 ;5.78 ;35.4 ;0 ;29 ;42.8;
130 ;0:52.30 ;5859 ;33 ;0.720 ;29.0 ;0.0 ;0.900 ;0 ;5.67 ;35.0 ;0 ;27 ;42.8;
130 ;0:52.40 ;5712 ;26 ;0.720 ;28.8 ;0.0 ;0.900 ;0 ;5.44 ;35.4 ;0 ;26 ;35.3;
130 ;0:52.50 ;5600 ;17 ;0.761 ;27.2 ;0.0 ;0.900 ;0 ;4.78 ;41.2 ;0 ;22 ;38.2;
130 ;0:52.60 ;5767 ;16 ;0.717 ;27.6 ;0.0 ;0.900 ;0 ;4.52 ;44.8 ;0 ;21 ;35.1;
130 ;0:52.70 ;5287 ;16 ;0.718 ;27.5 ;0.0 ;0.900 ;0 ;4.62 ;40.6 ;0 ;20 ;29.7;
130 ;0:52.80 ;4912 ;15 ;0.720 ;27.0 ;0.0 ;0.900 ;0 ;4.46 ;37.9 ;0 ;18 ;28.4;
130 ;0:52.90 ;4838 ;13 ;0.727 ;26.1 ;0.0 ;0.900 ;0 ;4.03 ;38.1 ;0 ;16 ;28.2;
130 ;0:53.00 ;4761 ;11 ;0.728 ;26.3 ;0.0 ;0.900 ;0 ;4.00 ;35.4 ;0 ;15 ;26.8;
130 ;0:53.10 ;4666 ;10 ;0.728 ;26.9 ;0.0 ;0.900 ;0 ;4.00 ;33.5 ;0 ;15 ;25.3;
130 ;0:53.20 ;4565 ;9 ;0.739 ;27.2 ;0.0 ;0.900 ;0 ;3.99 ;31.5 ;0 ;15 ;26.2;
130 ;0:53.30 ;4619 ;9 ;0.740 ;25.8 ;0.0 ;0.900 ;0 ;3.99 ;32.0 ;0 ;15 ;25.2;
130 ;0:53.40 ;4575 ;8 ;0.737 ;24.0 ;0.0 ;0.900 ;0 ;3.99 ;30.7 ;0 ;15 ;26.0;
130 ;0:53.50 ;4470 ;8 ;0.754 ;26.2 ;0.0 ;0.900 ;0 ;3.99 ;29.7 ;0 ;14 ;25.5;
130 ;0:53.60 ;4472 ;8 ;0.749 ;26.8 ;0.0 ;0.900 ;0 ;3.99 ;29.8 ;0 ;15 ;26.7;
130 ;0:53.70 ;4564 ;8 ;0.756 ;26.6 ;0.0 ;0.900 ;0 ;3.99 ;30.6 ;0 ;15 ;26.8;
130 ;0:53.80 ;4442 ;8 ;0.755 ;26.3 ;0.0 ;0.900 ;0 ;3.99 ;29.4 ;0 ;14 ;26.2;
130 ;0:53.90 ;4445 ;8 ;0.755 ;25.5 ;0.0 ;0.900 ;0 ;3.99 ;29.4 ;0 ;14 ;25.6;
130 ;0:54.00 ;4404 ;8 ;0.750 ;26.6 ;0.0 ;0.900 ;0 ;3.99 ;29.0 ;0 ;14 ;25.3;
130 ;0:54.10 ;4358 ;8 ;0.742 ;24.6 ;0.0 ;0.900 ;0 ;3.99 ;28.5 ;0 ;14 ;26.0;
130 ;0:54.20 ;4279 ;8 ;0.737 ;24.3 ;0.0 ;0.900 ;0 ;3.99 ;27.7 ;0 ;14 ;25.0;
130 ;0:54.30 ;4243 ;7 ;0.737 ;25.9 ;0.0 ;0.900 ;0 ;3.85 ;26.1 ;0 ;13 ;25.4;
130 ;0:54.40 ;4239 ;7 ;0.768 ;25.1 ;0.0 ;0.900 ;0 ;3.85 ;26.5 ;0 ;13 ;26.3;
130 ;0:54.50 ;4259 ;7 ;0.777 ;26.3 ;0.0 ;0.900 ;0 ;3.85 ;26.6 ;0 ;13 ;24.5;
130 ;0:54.60 ;4123 ;6 ;0.781 ;23.7 ;0.0 ;0.900 ;0 ;3.72 ;24.5 ;0 ;12 ;23.3;
130 ;0:54.70 ;4169 ;5 ;0.771 ;25.5 ;0.0 ;0.900 ;0 ;3.58 ;24.1 ;0 ;12 ;23.5;
130 ;0:54.80 ;4301 ;4 ;0.766 ;24.5 ;0.0 ;0.900 ;0 ;3.45 ;24.4 ;0 ;12 ;23.2;
130 ;0:54.90 ;4377 ;3 ;0.777 ;24.2 ;0.0 ;0.900 ;0 ;3.22 ;21.8 ;0 ;11 ;21.6;
130 ;0:55.00 ;4495 ;2 ;0.782 ;24.8 ;0.0 ;0.900 ;0 ;3.00 ;19.4 ;0 ;11 ;21.7;
130 ;0:55.10 ;4585 ;2 ;0.783 ;23.8 ;0.0 ;0.900 ;0 ;3.00 ;19.9 ;0 ;11 ;21.3;
130 ;0:55.20 ;4531 ;2 ;0.775 ;23.3 ;0.0 ;0.900 ;0 ;3.00 ;19.6 ;0 ;11 ;21.7;
130 ;0:55.30 ;4596 ;2 ;0.771 ;23.6 ;0.0 ;0.900 ;0 ;3.00 ;20.0 ;0 ;11 ;23.7;
130 ;0:55.40 ;4635 ;3 ;0.788 ;24.7 ;0.0 ;0.900 ;0 ;3.22 ;23.6 ;0 ;12 ;24.2;
130 ;0:55.50 ;4743 ;3 ;0.835 ;22.7 ;0.0 ;0.900 ;0 ;3.22 ;24.4 ;0 ;12 ;25.4;
130 ;0:55.60 ;4872 ;4 ;0.849 ;24.1 ;0.0 ;0.900 ;0 ;3.45 ;28.8 ;0 ;14 ;27.0;
130 ;0:55.70 ;4927 ;4 ;0.858 ;23.8 ;0.0 ;0.900 ;0 ;3.45 ;29.4 ;0 ;14 ;25.7;
130 ;0:55.80 ;4966 ;4 ;0.884 ;24.7 ;0.0 ;0.900 ;0 ;3.45 ;29.6 ;0 ;14 ;23.6;
130 ;0:55.90 ;5075 ;0 ;0.898 ;25.2 ;0.0 ;0.900 ;0 ;2.55 ;15.3 ;0 ;10 ;20.4;
130 ;0:56.00 ;5253 ;0 ;0.896 ;26.6 ;0.0 ;0.900 ;0 ;2.55 ;16.2 ;0 ;11 ;19.4;
130 ;0:56.10 ;5256 ;0 ;0.920 ;26.7 ;0.0 ;0.900 ;0 ;2.55 ;16.2 ;0 ;11 ;19.4;
130 ;0:56.20 ;5445 ;0 ;0.884 ;27.6 ;0.0 ;0.900 ;0 ;2.55 ;17.2 ;0 ;11 ;19.4;
130 ;0:56.30 ;5575 ;0 ;0.853 ;28.4 ;0.0 ;0.900 ;0 ;2.55 ;17.8 ;0 ;11 ;19.8;
130 ;0:56.40 ;5661 ;0 ;0.871 ;28.5 ;0.0 ;0.900 ;0 ;2.55 ;18.3 ;0 ;12 ;19.4;
130 ;0:56.50 ;5888 ;0 ;0.895 ;30.5 ;0.0 ;0.900 ;0 ;2.55 ;19.4 ;0 ;12 ;19.8;
130 ;0:56.60 ;5826 ;0 ;0.883 ;29.1 ;0.0 ;0.900 ;0 ;2.55 ;19.1 ;0 ;12 ;17.1;
130 ;0:56.70 ;5064 ;0 ;0.890 ;33.0 ;0.0 ;0.900 ;0 ;2.55 ;15.3 ;0 ;10 ;13.5;
130 ;0:56.80 ;4956 ;0 ;0.917 ;37.1 ;0.0 ;0.900 ;0 ;2.55 ;14.8 ;0 ;10 ;14.2;
130 ;0:56.90 ;5028 ;0 ;0.917 ;34.0 ;0.0 ;0.900 ;0 ;2.55 ;15.1 ;0 ;10 ;13.6;
130 ;0:57.00 ;5375 ;0 ;0.918 ;36.4 ;0.0 ;0.900 ;0 ;2.55 ;16.8 ;0 ;11 ;13.4;
130 ;0:57.10 ;5522 ;0 ;0.935 ;39.1 ;0.0 ;0.900 ;0 ;2.55 ;17.6 ;0 ;11 ;13.8;
130 ;0:57.20 ;5237 ;0 ;0.979 ;39.5 ;0.0 ;0.900 ;0 ;2.55 ;16.1 ;0 ;11 ;11.3;
130 ;0:57.30 ;5043 ;0 ;1.020 ;40.0 ;0.0 ;0.900 ;0 ;2.55 ;15.2 ;0 ;10 ;11.7;
130 ;0:57.40 ;5138 ;0 ;1.028 ;41.8 ;0.0 ;0.900 ;0 ;2.55 ;15.6 ;0 ;11 ;11.5;
130 ;0:57.50 ;5237 ;0 ;1.031 ;43.5 ;0.0 ;0.900 ;0 ;2.55 ;16.1 ;0 ;11 ;11.4;
130 ;0:57.60 ;5377 ;0 ;0.963 ;44.3 ;0.0 ;0.900 ;0 ;2.55 ;16.8 ;0 ;11 ;11.2;
130 ;0:57.70 ;5472 ;0 ;0.910 ;46.0 ;0.0 ;0.900 ;0 ;2.55 ;17.3 ;0 ;11 ;11.4;
130 ;0:57.80 ;5522 ;0 ;0.890 ;47.9 ;0.0 ;0.900 ;0 ;2.55 ;17.6 ;0 ;11 ;11.4;
130 ;0:57.90 ;5844 ;0 ;0.780 ;50.5 ;0.0 ;0.900 ;0 ;2.55 ;19.2 ;0 ;12 ;10.7;
130 ;0:58.00 ;5565 ;0 ;0.731 ;50.0 ;0.0 ;0.900 ;0 ;2.55 ;17.8 ;0 ;11 ;11.9;
130 ;0:58.10 ;5916 ;2 ;0.775 ;50.2 ;0.0 ;0.900 ;0 ;3.00 ;27.0 ;0 ;14 ;15.6;
130 ;0:58.20 ;6099 ;20 ;0.833 ;49.0 ;0.0 ;0.900 ;0 ;4.96 ;40.4 ;0 ;25 ;24.2;
130 ;0:58.30 ;6027 ;26 ;0.894 ;50.4 ;0.0 ;0.900 ;0 ;5.33 ;36.2 ;0 ;26 ;24.7;
130 ;0:58.40 ;5926 ;28 ;0.886 ;48.9 ;0.0 ;0.900 ;0 ;5.45 ;35.5 ;0 ;27 ;25.2;
130 ;0:58.50 ;5650 ;28 ;0.855 ;47.9 ;0.0 ;0.900 ;0 ;5.54 ;35.2 ;0 ;26 ;26.6;
130 ;0:58.60 ;5746 ;28 ;0.943 ;47.0 ;0.0 ;0.900 ;0 ;5.51 ;35.3 ;0 ;26 ;24.5;
130 ;0:58.70 ;6097 ;28 ;0.745 ;45.8 ;0.0 ;0.900 ;0 ;5.37 ;36.9 ;0 ;27 ;25.6;
130 ;0:58.80 ;6027 ;22 ;0.727 ;46.8 ;0.0 ;0.900 ;0 ;5.12 ;38.2 ;1 ;26 ;26.8;
130 ;0:58.90 ;6900 ;21 ;1.001 ;43.5 ;0.0 ;0.900 ;0 ;4.50 ;50.9 ;0 ;26 ;26.3;
130 ;0:59.00 ;6597 ;19 ;0.730 ;43.2 ;0.0 ;0.900 ;0 ;4.58 ;47.4 ;0 ;25 ;24.7;
130 ;0:59.10 ;6349 ;20 ;0.780 ;47.8 ;0.0 ;0.900 ;0 ;4.80 ;18.2 ;0 ;25 ;28.7;
130 ;0:59.20 ;7056 ;19 ;0.913 ;44.0 ;0.0 ;0.900 ;0 ;4.33 ;52.9 ;0 ;25 ;25.0;
130 ;0:59.30 ;5994 ;17 ;0.908 ;46.2 ;0.0 ;0.900 ;0 ;4.70 ;43.5 ;0 ;23 ;21.6;
130 ;0:59.40 ;6250 ;15 ;0.853 ;47.9 ;0.0 ;0.900 ;0 ;4.14 ;51.3 ;0 ;21 ;26.3;
130 ;0:59.50 ;8106 ;15 ;0.745 ;46.1 ;0.0 ;0.900 ;0 ;4.13 ;58.9 ;0 ;28 ;35.9;
130 ;0:59.60 ;9827 ;27 ;0.690 ;43.9 ;0.0 ;0.900 ;0 ;5.10 ;46.2 ;0 ;42 ;53.1;
130 ;0:59.70 ;10439 ;47 ;0.716 ;44.8 ;0.0 ;0.900 ;0 ;6.51 ;44.2 ;0 ;57 ;62.7;
130 ;0:59.80 ;9931 ;53 ;0.800 ;45.1 ;0.0 ;0.900 ;0 ;6.64 ;42.1 ;0 ;55 ;63.2;
130 ;0:59.90 ;8840 ;53 ;0.833 ;41.9 ;0.0 ;0.900 ;0 ;6.00 ;46.6 ;0 ;45 ;54.3;
130 ;1:00.00 ;7864 ;53 ;1.012 ;39.3 ;0.0 ;0.900 ;0 ;5.76 ;48.5 ;0 ;38 ;47.4;
130 ;1:00.10 ;7072 ;53 ;1.163 ;40.1 ;0.0 ;0.900 ;0 ;5.52 ;42.2 ;0 ;33 ;42.2;
130 ;1:00.20 ;7324 ;51 ;0.749 ;37.7 ;0.0 ;0.900 ;0 ;5.61 ;45.2 ;1 ;34 ;48.4;
130 ;1:00.30 ;7898 ;51 ;0.720 ;36.0 ;0.0 ;0.900 ;0 ;5.75 ;49.1 ;0 ;37 ;45.4;
130 ;1:00.40 ;7309 ;51 ;0.686 ;35.2 ;0.0 ;0.900 ;0 ;5.57 ;44.4 ;0 ;34 ;44.4;
130 ;1:00.50 ;6868 ;51 ;0.705 ;33.3 ;0.0 ;0.900 ;0 ;5.57 ;40.8 ;0 ;32 ;43.1;
130 ;1:00.60 ;6474 ;49 ;0.732 ;29.9 ;0.0 ;0.900 ;0 ;5.75 ;37.8 ;0 ;31 ;44.8;
130 ;1:00.70 ;6101 ;43 ;0.744 ;30.6 ;0.0 ;0.900 ;0 ;5.89 ;35.5 ;0 ;30 ;45.4;
130 ;1:00.80 ;6050 ;37 ;0.724 ;29.3 ;0.0 ;0.900 ;0 ;5.75 ;35.4 ;0 ;29 ;43.1;
130 ;1:00.90 ;5830 ;30 ;0.731 ;28.8 ;0.0 ;0.900 ;0 ;5.56 ;35.3 ;0 ;27 ;41.5;
130 ;1:01.00 ;5671 ;23 ;0.746 ;29.1 ;0.0 ;0.900 ;0 ;5.28 ;36.5 ;0 ;24 ;39.8;
130 ;1:01.10 ;5565 ;18 ;0.763 ;27.4 ;0.0 ;0.900 ;0 ;5.01 ;38.9 ;0 ;23 ;35.9;
130 ;1:01.20 ;5455 ;16 ;0.766 ;27.8 ;0.0 ;0.900 ;0 ;4.59 ;42.2 ;0 ;21 ;35.4;
130 ;1:01.30 ;5378 ;16 ;0.771 ;27.2 ;0.0 ;0.900 ;0 ;4.60 ;41.6 ;0 ;20 ;34.9;
130 ;1:01.40 ;5257 ;15 ;0.773 ;25.9 ;0.0 ;0.900 ;0 ;4.42 ;41.6 ;0 ;19 ;31.3;
130 ;1:01.50 ;4876 ;15 ;0.748 ;25.8 ;0.0 ;0.900 ;0 ;4.46 ;37.6 ;0 ;18 ;32.2;
130 ;1:01.60 ;4525 ;14 ;0.745 ;25.2 ;0.0 ;0.900 ;0 ;4.22 ;34.8 ;0 ;15 ;24.6;
130 ;1:01.70 ;4449 ;11 ;0.743 ;25.0 ;0.0 ;0.900 ;0 ;4.00 ;32.3 ;0 ;14 ;26.2;
130 ;1:01.80 ;4404 ;9 ;0.745 ;25.6 ;0.0 ;0.900 ;0 ;3.99 ;29.9 ;0 ;14 ;26.4;
130 ;1:01.90 ;4340 ;7 ;0.745 ;24.2 ;0.0 ;0.900 ;0 ;3.85 ;27.4 ;0 ;14 ;26.8;
130 ;1:02.00 ;4315 ;7 ;0.743 ;25.7 ;0.0 ;0.900 ;0 ;3.85 ;27.2 ;0 ;13 ;24.8;
130 ;1:02.10 ;4277 ;7 ;0.755 ;24.3 ;0.0 ;0.900 ;0 ;3.85 ;26.8 ;0 ;13 ;23.9;
130 ;1:02.20 ;4266 ;7 ;0.760 ;24.7 ;0.0 ;0.900 ;0 ;3.85 ;26.7 ;0 ;13 ;25.9;
130 ;1:02.30 ;4207 ;7 ;0.771 ;24.5 ;0.0 ;0.900 ;0 ;3.85 ;26.1 ;0 ;13 ;24.8;
130 ;1:02.40 ;4308 ;7 ;0.781 ;24.2 ;0.0 ;0.900 ;0 ;3.85 ;27.1 ;0 ;13 ;24.6;
130 ;1:02.50 ;4145 ;7 ;0.792 ;23.7 ;0.0 ;0.900 ;0 ;3.85 ;25.5 ;0 ;13 ;27.0;
130 ;1:02.60 ;4244 ;7 ;0.798 ;24.0 ;0.0 ;0.900 ;0 ;3.85 ;26.5 ;0 ;13 ;26.9;
130 ;1:02.70 ;4346 ;7 ;0.783 ;23.8 ;0.0 ;0.900 ;0 ;3.85 ;27.1 ;0 ;13 ;27.4;
130 ;1:02.80 ;4306 ;8 ;0.783 ;24.9 ;0.0 ;0.900 ;0 ;3.99 ;28.0 ;0 ;14 ;25.5;
130 ;1:02.90 ;4105 ;8 ;0.788 ;21.5 ;0.0 ;0.900 ;0 ;3.99 ;26.0 ;0 ;13 ;26.4;
130 ;1:03.00 ;4060 ;8 ;0.792 ;22.1 ;0.0 ;0.900 ;0 ;3.99 ;25.6 ;0 ;13 ;28.3;
130 ;1:03.10 ;4098 ;7 ;0.823 ;21.4 ;0.0 ;0.900 ;0 ;3.85 ;25.1 ;0 ;13 ;28.3;
130 ;1:03.20 ;3978 ;5 ;0.840 ;21.9 ;0.0 ;0.900 ;0 ;3.58 ;22.5 ;0 ;11 ;22.4;
130 ;1:03.30 ;3787 ;3 ;0.836 ;21.3 ;0.0 ;0.900 ;0 ;3.21 ;18.0 ;0 ;10 ;18.5;
130 ;1:03.40 ;3706 ;1 ;0.841 ;20.8 ;0.0 ;0.900 ;0 ;2.73 ;13.0 ;0 ;8 ;16.2;
130 ;1:03.50 ;3823 ;0 ;0.829 ;23.2 ;0.0 ;0.900 ;0 ;2.51 ;10.8 ;0 ;8 ;16.9;
130 ;1:03.60 ;4107 ;0 ;0.858 ;21.6 ;0.0 ;0.900 ;0 ;2.55 ;11.4 ;0 ;8 ;18.4;
130 ;1:03.70 ;4151 ;0 ;0.853 ;21.4 ;0.0 ;0.900 ;0 ;2.55 ;11.6 ;0 ;8 ;18.5;
130 ;1:03.80 ;4319 ;0 ;0.830 ;21.7 ;0.0 ;0.900 ;0 ;2.55 ;12.2 ;0 ;9 ;20.2;
130 ;1:03.90 ;4270 ;0 ;0.831 ;20.9 ;0.0 ;0.900 ;0 ;2.55 ;12.0 ;0 ;9 ;18.8;
130 ;1:04.00 ;4376 ;0 ;0.835 ;22.4 ;0.0 ;0.900 ;0 ;2.55 ;12.5 ;0 ;9 ;18.9;
130 ;1:04.10 ;4568 ;0 ;0.867 ;21.8 ;0.0 ;0.900 ;0 ;2.55 ;13.2 ;0 ;9 ;18.6;
130 ;1:04.20 ;4576 ;0 ;0.864 ;22.0 ;0.0 ;0.900 ;0 ;2.55 ;13.3 ;0 ;9 ;19.2;
130 ;1:04.30 ;4683 ;0 ;0.878 ;24.8 ;0.0 ;0.900 ;0 ;2.55 ;13.7 ;0 ;10 ;19.9;
130 ;1:04.40 ;4844 ;0 ;0.895 ;24.5 ;0.0 ;0.900 ;0 ;2.55 ;14.3 ;0 ;10 ;19.8;
130 ;1:04.50 ;4885 ;0 ;0.928 ;24.4 ;0.0 ;0.900 ;0 ;2.55 ;14.5 ;0 ;10 ;18.5;
130 ;1:04.60 ;5043 ;0 ;0.952 ;24.6 ;0.0 ;0.900 ;0 ;2.55 ;15.2 ;0 ;10 ;19.6;
130 ;1:04.70 ;5127 ;0 ;0.984 ;25.6 ;0.0 ;0.900 ;0 ;2.55 ;15.6 ;0 ;10 ;19.0;
130 ;1:04.80 ;5228 ;0 ;0.995 ;26.6 ;0.0 ;0.900 ;0 ;2.55 ;16.1 ;0 ;11 ;18.4;
130 ;1:04.90 ;5344 ;0 ;0.952 ;28.5 ;0.0 ;0.900 ;0 ;2.55 ;16.7 ;0 ;11 ;19.9;
130 ;1:05.00 ;5819 ;0 ;0.913 ;29.0 ;0.0 ;0.900 ;0 ;2.55 ;19.0 ;0 ;12 ;19.4;
130 ;1:05.10 ;5842 ;0 ;0.884 ;29.3 ;0.0 ;0.900 ;0 ;2.55 ;19.2 ;0 ;12 ;19.6;
130 ;1:05.20 ;6210 ;0 ;0.914 ;30.9 ;0.0 ;0.900 ;0 ;2.55 ;22.1 ;0 ;13 ;17.0;
130 ;1:05.30 ;5721 ;0 ;0.933 ;31.3 ;0.0 ;0.900 ;0 ;2.55 ;18.6 ;0 ;12 ;15.7;
130 ;1:05.40 ;5293 ;0 ;0.961 ;32.9 ;0.0 ;0.900 ;0 ;2.55 ;16.4 ;0 ;11 ;14.7;
130 ;1:05.50 ;4929 ;0 ;0.961 ;34.4 ;0.0 ;0.900 ;0 ;2.55 ;14.7 ;0 ;10 ;13.6;
130 ;1:05.60 ;5422 ;0 ;0.951 ;38.0 ;0.0 ;0.900 ;0 ;2.55 ;17.1 ;0 ;11 ;13.3;
130 ;1:05.70 ;5498 ;0 ;0.991 ;39.3 ;0.0 ;0.900 ;0 ;2.55 ;17.4 ;0 ;11 ;14.8;
130 ;1:05.80 ;5557 ;0 ;1.025 ;39.3 ;0.0 ;0.900 ;0 ;2.55 ;17.7 ;0 ;11 ;12.1;
130 ;1:05.90 ;5047 ;0 ;1.040 ;39.8 ;0.0 ;0.900 ;0 ;2.55 ;15.2 ;0 ;10 ;11.2;
130 ;1:06.00 ;4984 ;0 ;1.022 ;43.5 ;0.0 ;0.900 ;0 ;2.55 ;14.9 ;0 ;10 ;10.7;
130 ;1:06.10 ;5326 ;0 ;1.017 ;43.4 ;0.0 ;0.900 ;0 ;2.55 ;16.6 ;0 ;11 ;11.2;
130 ;1:06.20 ;5360 ;0 ;0.994 ;41.9 ;0.0 ;0.900 ;0 ;2.55 ;16.9 ;0 ;11 ;11.6;
130 ;1:06.30 ;5363 ;0 ;0.986 ;45.8 ;0.0 ;0.900 ;0 ;2.55 ;16.8 ;0 ;11 ;11.5;
130 ;1:06.40 ;5460 ;0 ;0.955 ;45.3 ;0.0 ;0.900 ;0 ;2.55 ;17.3 ;0 ;11 ;11.4;
130 ;1:06.50 ;5748 ;0 ;0.865 ;48.6 ;0.0 ;0.900 ;0 ;2.55 ;18.7 ;0 ;12 ;11.3;
130 ;1:06.60 ;5401 ;0 ;0.721 ;49.5 ;0.0 ;0.900 ;0 ;2.55 ;17.0 ;0 ;11 ;11.1;
130 ;1:06.70 ;5826 ;1 ;0.698 ;51.0 ;0.0 ;0.900 ;0 ;2.77 ;22.8 ;0 ;13 ;18.1;
130 ;1:06.80 ;6027 ;16 ;0.720 ;51.6 ;0.0 ;0.900 ;0 ;4.46 ;47.1 ;0 ;22 ;24.4;
130 ;1:06.90 ;6091 ;27 ;0.794 ;48.1 ;0.0 ;0.900 ;0 ;5.34 ;37.0 ;0 ;27 ;25.2;
130 ;1:07.00 ;5967 ;28 ;0.823 ;48.6 ;0.0 ;0.900 ;0 ;5.44 ;35.5 ;0 ;27 ;26.2;
130 ;1:07.10 ;5795 ;28 ;0.875 ;48.3 ;0.0 ;0.900 ;0 ;5.49 ;35.4 ;0 ;26 ;24.5;
130 ;1:07.20 ;5645 ;28 ;0.861 ;49.9 ;0.0 ;0.900 ;0 ;5.54 ;35.2 ;0 ;26 ;25.3;
130 ;1:07.30 ;5686 ;30 ;0.932 ;44.7 ;0.0 ;0.900 ;0 ;5.61 ;35.2 ;0 ;26 ;28.6;
130 ;1:07.40 ;5920 ;35 ;0.691 ;46.7 ;0.0 ;0.900 ;0 ;5.72 ;24.5 ;0 ;28 ;30.2;
130 ;1:07.50 ;6830 ;34 ;0.708 ;45.8 ;0.0 ;0.900 ;0 ;5.22 ;43.4 ;0 ;30 ;28.6;
130 ;1:07.60 ;6093 ;32 ;0.713 ;43.3 ;0.0 ;0.900 ;0 ;5.54 ;36.1 ;0 ;28 ;31.0;
130 ;1:07.70 ;6198 ;31 ;0.736 ;39.4 ;0.0 ;0.900 ;0 ;5.44 ;37.2 ;0 ;28 ;29.8;
130 ;1:07.80 ;6308 ;32 ;0.727 ;40.2 ;0.0 ;0.900 ;0 ;5.41 ;38.5 ;0 ;28 ;29.0;
130 ;1:07.90 ;5937 ;34 ;0.703 ;41.1 ;0.0 ;0.900 ;0 ;5.68 ;35.0 ;0 ;29 ;33.0;
130 ;1:08.00 ;5806 ;35 ;0.719 ;40.6 ;0.0 ;0.900 ;0 ;5.76 ;34.9 ;0 ;28 ;34.7;
130 ;1:08.10 ;5815 ;35 ;0.719 ;37.8 ;0.0 ;0.900 ;0 ;5.76 ;34.9 ;0 ;28 ;36.5;
130 ;1:08.20 ;5602 ;35 ;0.724 ;36.8 ;0.0 ;0.900 ;0 ;5.82 ;34.9 ;0 ;28 ;37.9;
130 ;1:08.30 ;5765 ;35 ;0.780 ;36.2 ;0.0 ;0.900 ;0 ;5.77 ;34.9 ;0 ;28 ;40.0;
130 ;1:08.40 ;5794 ;35 ;0.842 ;33.5 ;0.0 ;0.900 ;0 ;5.76 ;34.9 ;0 ;28 ;41.5;
130 ;1:08.50 ;5699 ;35 ;1.003 ;30.9 ;0.0 ;0.900 ;0 ;5.79 ;34.9 ;0 ;28 ;41.1;
130 ;1:08.60 ;5907 ;35 ;0.776 ;30.1 ;0.0 ;0.900 ;0 ;5.73 ;35.0 ;0 ;28 ;37.3;
130 ;1:08.70 ;6058 ;32 ;0.742 ;31.8 ;0.0 ;0.900 ;0 ;5.55 ;35.7 ;1 ;28 ;41.3;
130 ;1:08.80 ;6200 ;32 ;0.751 ;30.0 ;0.0 ;0.900 ;0 ;5.47 ;37.3 ;0 ;28 ;41.7;
130 ;1:08.90 ;5961 ;30 ;0.724 ;29.4 ;0.0 ;0.900 ;0 ;5.52 ;35.3 ;0 ;27 ;41.4;
130 ;1:09.00 ;5926 ;28 ;0.730 ;28.4 ;0.0 ;0.900 ;0 ;5.45 ;35.5 ;0 ;26 ;39.4;
130 ;1:09.10 ;5702 ;26 ;0.738 ;29.1 ;0.0 ;0.900 ;0 ;5.44 ;35.3 ;0 ;26 ;43.1;
130 ;1:09.20 ;5597 ;26 ;0.725 ;27.3 ;0.0 ;0.900 ;0 ;5.47 ;35.2 ;0 ;25 ;43.8;
130 ;1:09.30 ;5441 ;25 ;0.719 ;25.4 ;0.0 ;0.900 ;0 ;5.48 ;34.9 ;0 ;24 ;44.8;
130 ;1:09.40 ;4970 ;20 ;0.741 ;24.9 ;0.0 ;0.900 ;0 ;5.24 ;36.1 ;0 ;22 ;39.5;
130 ;1:09.50 ;4904 ;17 ;0.752 ;25.7 ;0.0 ;0.900 ;0 ;4.89 ;37.0 ;0 ;20 ;36.1;
130 ;1:09.60 ;4781 ;16 ;0.767 ;22.4 ;0.0 ;0.900 ;0 ;4.66 ;36.4 ;0 ;18 ;36.7;
130 ;1:09.70 ;4564 ;16 ;0.772 ;22.1 ;0.0 ;0.900 ;0 ;4.65 ;34.3 ;0 ;17 ;36.0;
130 ;1:09.80 ;4445 ;16 ;0.788 ;22.2 ;0.0 ;0.900 ;0 ;4.65 ;33.7 ;0 ;17 ;34.9;
130 ;1:09.90 ;3982 ;16 ;0.817 ;19.8 ;0.0 ;0.900 ;0 ;4.63 ;30.0 ;0 ;15 ;37.5;
130 ;1:10.00 ;4215 ;16 ;0.869 ;18.1 ;0.0 ;0.900 ;0 ;4.64 ;31.7 ;0 ;16 ;40.4;
130 ;1:10.10 ;3984 ;16 ;0.855 ;18.3 ;0.0 ;0.900 ;0 ;4.63 ;30.0 ;0 ;15 ;43.9;
130 ;1:10.20 ;4138 ;16 ;0.751 ;15.0 ;0.0 ;0.900 ;0 ;4.63 ;31.1 ;0 ;16 ;44.0;
130 ;1:10.30 ;3869 ;15 ;0.750 ;14.4 ;0.0 ;0.900 ;0 ;4.42 ;30.0 ;0 ;13 ;43.3;
130 ;1:10.40 ;3182 ;15 ;0.736 ;13.0 ;0.0 ;0.900 ;0 ;4.42 ;30.0 ;0 ;11 ;30.5;
130 ;1:10.50 ;2519 ;12 ;0.733 ;13.5 ;0.0 ;0.900 ;0 ;3.99 ;28.0 ;0 ;9 ;25.5;
130 ;1:10.60 ;2776 ;10 ;0.726 ;13.4 ;0.0 ;0.900 ;0 ;3.99 ;24.3 ;0 ;9 ;35.5;
130 ;1:10.70 ;3488 ;10 ;0.717 ;13.8 ;0.0 ;0.900 ;0 ;3.99 ;25.7 ;0 ;11 ;43.4;
130 ;1:10.80 ;3869 ;10 ;0.722 ;12.8 ;0.0 ;0.900 ;0 ;3.99 ;26.6 ;0 ;13 ;48.7;
130 ;1:10.90 ;4054 ;9 ;0.730 ;11.1 ;0.0 ;0.900 ;0 ;3.99 ;26.5 ;0 ;13 ;52.5;
130 ;1:11.00 ;4144 ;9 ;0.728 ;11.2 ;0.0 ;0.900 ;0 ;3.99 ;27.0 ;0 ;13 ;61.5;
130 ;1:11.10 ;4213 ;9 ;0.724 ;11.5 ;0.0 ;0.900 ;0 ;3.99 ;27.7 ;0 ;14 ;59.8;
130 ;1:11.20 ;4219 ;9 ;0.728 ;11.0 ;0.0 ;0.900 ;0 ;3.99 ;28.4 ;0 ;14 ;57.9;
130 ;1:11.30 ;4272 ;9 ;0.731 ;9.9 ;0.0 ;0.900 ;0 ;3.99 ;28.4 ;0 ;14 ;71.4;
130 ;1:11.40 ;4319 ;9 ;0.729 ;10.0 ;0.0 ;0.900 ;0 ;3.99 ;29.0 ;0 ;14 ;74.7;
130 ;1:11.50 ;4361 ;9 ;0.725 ;9.1 ;0.0 ;0.900 ;0 ;3.99 ;29.5 ;0 ;14 ;75.8;
130 ;1:11.60 ;4389 ;9 ;0.736 ;8.9 ;0.0 ;0.900 ;0 ;3.99 ;29.7 ;0 ;14 ;80.4;
130 ;1:11.70 ;4279 ;9 ;0.736 ;8.1 ;0.0 ;0.900 ;0 ;3.99 ;28.7 ;0 ;14 ;83.3;
130 ;1:11.80 ;4350 ;9 ;0.738 ;7.8 ;0.0 ;0.900 ;0 ;3.99 ;29.4 ;0 ;14 ;89.1;
130 ;1:11.90 ;4403 ;9 ;0.730 ;6.9 ;0.0 ;0.900 ;0 ;3.99 ;29.9 ;0 ;14 ;90.4;
130 ;1:12.00 ;4437 ;9 ;0.725 ;6.3 ;0.0 ;0.900 ;0 ;3.99 ;30.2 ;0 ;14 ;110.0;
130 ;1:12.10 ;4429 ;9 ;0.728 ;6.3 ;0.0 ;0.900 ;0 ;3.99 ;30.1 ;0 ;14 ;104.7;
130 ;1:12.20 ;4384 ;9 ;0.734 ;5.7 ;0.0 ;0.900 ;0 ;3.99 ;29.7 ;0 ;14 ;117.8;
130 ;1:12.30 ;4324 ;9 ;0.731 ;5.5 ;0.0 ;0.900 ;0 ;3.99 ;29.1 ;0 ;14 ;132.0;
130 ;1:12.40 ;4389 ;9 ;0.731 ;5.0 ;0.0 ;0.900 ;0 ;3.99 ;29.7 ;0 ;14 ;145.6;
130 ;1:12.50 ;4443 ;9 ;0.738 ;4.6 ;0.0 ;0.900 ;0 ;3.99 ;30.3 ;0 ;14 ;148.8;
130 ;1:12.60 ;4492 ;9 ;0.742 ;4.0 ;0.0 ;0.900 ;0 ;3.99 ;30.8 ;0 ;15 ;174.3;
130 ;1:12.70 ;4482 ;9 ;0.735 ;3.9 ;0.0 ;0.900 ;0 ;3.99 ;30.7 ;0 ;15 ;186.1;
130 ;1:12.80 ;4450 ;9 ;0.733 ;3.3 ;0.0 ;0.900 ;0 ;3.99 ;30.4 ;0 ;14 ;200.0;
130 ;1:12.90 ;4453 ;9 ;0.736 ;3.1 ;0.0 ;0.900 ;0 ;3.99 ;30.4 ;0 ;15 ;257.6;
130 ;1:13.00 ;4492 ;9 ;0.736 ;2.6 ;0.0 ;0.900 ;0 ;3.99 ;30.8 ;0 ;15 ;283.3;
130 ;1:13.10 ;4566 ;9 ;0.740 ;2.4 ;0.0 ;0.900 ;0 ;3.99 ;31.5 ;0 ;15 ;0.0;
130 ;1:13.20 ;4644 ;9 ;0.739 ;1.9 ;0.0 ;0.900 ;0 ;3.99 ;32.3 ;0 ;15 ;0.0;
130 ;1:13.30 ;4630 ;9 ;0.740 ;1.4 ;0.0 ;0.900 ;0 ;3.99 ;32.2 ;0 ;15 ;0.0;
130 ;1:13.40 ;4605 ;9 ;0.745 ;1.4 ;0.0 ;0.900 ;0 ;3.99 ;31.9 ;0 ;15 ;0.0;
130 ;1:13.50 ;4550 ;9 ;0.730 ;1.0 ;0.0 ;0.900 ;0 ;3.99 ;31.4 ;0 ;15 ;0.0;
130 ;1:13.60 ;4618 ;8 ;0.744 ;1.0 ;0.0 ;0.900 ;0 ;3.99 ;31.1 ;0 ;15 ;0.0;
