SESSION; TIME;RPM;THROT;LAMB;L U SP;L D SP;TAR LB;SLIP%;INJ;ADV;LAUC S;SHIF A;INJ %;L/100K;

147 ;0:00.10 ;2042 ;0 ;0.916 ;1.6 ;0.0 ;0.900 ;0 ;3.07 ;6.0 ;0 ;0 ;7 ;0.0;
147 ;0:00.20 ;1949 ;0 ;0.923 ;1.6 ;0.0 ;0.900 ;0 ;3.13 ;5.8 ;0 ;0 ;7 ;0.0;
147 ;0:00.30 ;2018 ;0 ;0.933 ;1.6 ;0.0 ;0.900 ;0 ;3.09 ;6.0 ;0 ;0 ;7 ;0.0;
147 ;0:00.40 ;1913 ;0 ;0.926 ;1.6 ;0.0 ;0.900 ;0 ;3.14 ;5.8 ;0 ;0 ;7 ;0.0;
147 ;0:00.50 ;1813 ;0 ;0.925 ;1.6 ;0.0 ;0.900 ;0 ;3.18 ;5.6 ;0 ;0 ;7 ;0.0;
147 ;0:00.60 ;1823 ;0 ;0.945 ;2.0 ;0.0 ;0.900 ;0 ;3.18 ;5.6 ;0 ;0 ;7 ;0.0;
147 ;0:00.70 ;1853 ;0 ;0.948 ;2.0 ;0.0 ;0.900 ;0 ;3.16 ;5.7 ;0 ;0 ;7 ;104.7;
147 ;0:00.80 ;1788 ;0 ;0.947 ;2.1 ;0.0 ;0.900 ;0 ;3.19 ;5.5 ;0 ;0 ;7 ;100.0;
147 ;0:00.90 ;1775 ;0 ;0.943 ;2.3 ;0.0 ;0.900 ;0 ;3.19 ;5.5 ;0 ;0 ;7 ;91.3;
147 ;0:01.00 ;1773 ;0 ;0.948 ;2.4 ;0.0 ;0.900 ;0 ;3.20 ;5.5 ;0 ;0 ;8 ;87.5;
147 ;0:01.10 ;1724 ;0 ;0.954 ;2.4 ;0.0 ;0.900 ;0 ;3.22 ;5.4 ;0 ;0 ;8 ;80.0;
147 ;0:01.20 ;1690 ;0 ;0.956 ;2.5 ;0.0 ;0.900 ;0 ;3.23 ;5.3 ;0 ;0 ;8 ;76.9;
147 ;0:01.30 ;1532 ;0 ;0.944 ;2.6 ;0.0 ;0.900 ;0 ;3.29 ;5.0 ;0 ;0 ;8 ;73.0;
147 ;0:01.40 ;1399 ;0 ;0.952 ;2.6 ;0.0 ;0.900 ;0 ;3.30 ;5.0 ;0 ;0 ;8 ;69.2;
147 ;0:01.50 ;1483 ;0 ;0.949 ;2.4 ;0.0 ;0.900 ;0 ;3.30 ;5.0 ;0 ;0 ;8 ;79.1;
147 ;0:01.60 ;1517 ;0 ;0.945 ;2.6 ;0.0 ;0.900 ;0 ;3.30 ;5.0 ;0 ;0 ;8 ;73.0;
147 ;0:01.70 ;1580 ;0 ;0.945 ;2.3 ;0.0 ;0.900 ;0 ;3.27 ;5.1 ;0 ;0 ;8 ;82.6;
147 ;0:01.80 ;1612 ;0 ;0.933 ;2.4 ;0.0 ;0.900 ;0 ;3.26 ;5.2 ;0 ;0 ;8 ;83.3;
147 ;0:01.90 ;1577 ;0 ;0.953 ;2.4 ;0.0 ;0.900 ;0 ;3.27 ;5.1 ;0 ;0 ;8 ;83.3;
147 ;0:02.00 ;1583 ;0 ;0.959 ;2.4 ;0.0 ;0.900 ;0 ;3.27 ;5.1 ;0 ;0 ;8 ;79.1;
147 ;0:02.10 ;1409 ;0 ;0.974 ;2.3 ;0.0 ;0.900 ;0 ;3.30 ;5.0 ;0 ;0 ;8 ;82.6;
147 ;0:02.20 ;1496 ;0 ;0.988 ;2.3 ;0.0 ;0.900 ;0 ;3.30 ;5.0 ;0 ;0 ;8 ;78.2;
147 ;0:02.30 ;1632 ;0 ;0.992 ;2.3 ;0.0 ;0.900 ;0 ;3.25 ;5.2 ;0 ;0 ;8 ;82.6;
147 ;0:02.40 ;1593 ;0 ;1.001 ;2.3 ;0.0 ;0.900 ;0 ;3.27 ;5.1 ;0 ;0 ;8 ;82.6;
147 ;0:02.50 ;1584 ;0 ;0.996 ;2.3 ;0.0 ;0.900 ;0 ;3.27 ;5.1 ;0 ;0 ;8 ;86.9;
147 ;0:02.60 ;1692 ;0 ;1.011 ;2.2 ;0.0 ;0.900 ;0 ;3.23 ;5.3 ;0 ;0 ;8 ;90.9;
147 ;0:02.70 ;1605 ;0 ;1.018 ;2.5 ;0.0 ;0.900 ;0 ;3.26 ;5.2 ;0 ;0 ;8 ;80.0;
147 ;0:02.80 ;1512 ;0 ;0.982 ;2.4 ;0.0 ;0.900 ;0 ;3.30 ;5.0 ;0 ;0 ;8 ;75.0;
147 ;0:02.90 ;1597 ;0 ;0.955 ;2.4 ;0.0 ;0.900 ;0 ;3.27 ;5.1 ;0 ;0 ;8 ;79.1;
147 ;0:03.00 ;1505 ;0 ;0.944 ;2.4 ;0.0 ;0.900 ;0 ;3.30 ;5.0 ;0 ;0 ;8 ;79.1;
147 ;0:03.10 ;1515 ;0 ;0.930 ;2.7 ;0.0 ;0.900 ;0 ;3.30 ;5.0 ;0 ;0 ;8 ;62.9;
147 ;0:03.20 ;1443 ;0 ;0.931 ;2.6 ;0.0 ;0.900 ;0 ;3.30 ;5.0 ;0 ;0 ;8 ;69.2;
147 ;0:03.30 ;1300 ;0 ;0.949 ;2.8 ;0.0 ;0.900 ;0 ;3.30 ;5.0 ;0 ;0 ;8 ;60.7;
147 ;0:03.40 ;1432 ;0 ;0.950 ;2.9 ;0.0 ;0.900 ;0 ;3.30 ;5.0 ;0 ;0 ;8 ;58.6;
147 ;0:03.50 ;1282 ;0 ;0.948 ;2.8 ;0.0 ;0.900 ;0 ;3.30 ;5.0 ;0 ;0 ;8 ;57.1;
147 ;0:03.60 ;1263 ;0 ;0.932 ;2.8 ;0.0 ;0.900 ;0 ;3.30 ;5.0 ;0 ;0 ;8 ;53.5;
147 ;0:03.70 ;1528 ;0 ;0.911 ;3.2 ;0.0 ;0.900 ;0 ;3.29 ;5.0 ;0 ;0 ;8 ;59.3;
147 ;0:03.80 ;1691 ;0 ;0.902 ;2.7 ;0.0 ;0.900 ;0 ;3.23 ;5.3 ;0 ;0 ;8 ;81.4;
147 ;0:03.90 ;1964 ;0 ;0.895 ;3.0 ;0.0 ;0.900 ;0 ;3.12 ;5.9 ;0 ;0 ;7 ;76.6;
147 ;0:04.00 ;2152 ;0 ;0.907 ;2.7 ;0.0 ;0.900 ;0 ;2.98 ;6.3 ;0 ;0 ;7 ;88.8;
147 ;0:04.10 ;2319 ;0 ;0.909 ;2.8 ;0.0 ;0.900 ;0 ;2.85 ;6.6 ;0 ;0 ;7 ;89.2;
147 ;0:04.20 ;2530 ;0 ;0.918 ;2.7 ;0.0 ;0.900 ;0 ;2.70 ;7.0 ;0 ;0 ;6 ;96.2;
147 ;0:04.30 ;2702 ;0 ;0.908 ;3.0 ;0.0 ;0.900 ;0 ;2.67 ;7.4 ;0 ;0 ;6 ;90.0;
147 ;0:04.40 ;2764 ;0 ;0.917 ;2.8 ;0.0 ;0.900 ;0 ;2.66 ;7.5 ;0 ;0 ;6 ;100.0;
147 ;0:04.50 ;2808 ;0 ;0.925 ;3.0 ;0.0 ;0.900 ;0 ;2.65 ;7.6 ;0 ;0 ;6 ;96.6;
147 ;0:04.60 ;2871 ;0 ;0.914 ;3.1 ;0.0 ;0.900 ;0 ;2.64 ;7.7 ;0 ;0 ;6 ;90.3;
147 ;0:04.70 ;2947 ;0 ;0.941 ;3.1 ;0.0 ;0.900 ;0 ;2.62 ;7.8 ;0 ;0 ;6 ;90.3;
147 ;0:04.80 ;2776 ;0 ;0.951 ;3.2 ;0.0 ;0.900 ;0 ;2.66 ;7.5 ;0 ;0 ;6 ;87.5;
147 ;0:04.90 ;2766 ;0 ;0.969 ;3.2 ;0.0 ;0.900 ;0 ;2.66 ;7.5 ;0 ;0 ;6 ;87.5;
147 ;0:05.00 ;2851 ;0 ;1.002 ;3.2 ;0.0 ;0.900 ;0 ;2.64 ;7.7 ;0 ;0 ;6 ;84.3;
147 ;0:05.10 ;2834 ;0 ;1.032 ;3.7 ;0.0 ;0.900 ;0 ;2.64 ;7.6 ;0 ;0 ;6 ;72.9;
147 ;0:05.20 ;2720 ;0 ;1.016 ;3.7 ;0.0 ;0.900 ;0 ;2.67 ;7.4 ;0 ;0 ;6 ;67.5;
147 ;0:05.30 ;2629 ;0 ;0.998 ;4.0 ;0.0 ;0.900 ;0 ;2.68 ;7.2 ;0 ;0 ;6 ;65.8;
147 ;0:05.40 ;2608 ;0 ;1.014 ;3.8 ;0.0 ;0.900 ;0 ;2.69 ;7.2 ;0 ;0 ;6 ;71.0;
147 ;0:05.50 ;2638 ;0 ;1.030 ;4.2 ;0.0 ;0.900 ;0 ;2.68 ;7.2 ;0 ;0 ;6 ;59.0;
147 ;0:05.60 ;2596 ;0 ;1.056 ;4.1 ;0.0 ;0.900 ;0 ;2.69 ;7.1 ;0 ;0 ;6 ;60.9;
147 ;0:05.70 ;2517 ;0 ;1.060 ;4.6 ;0.0 ;0.900 ;0 ;2.70 ;7.0 ;0 ;0 ;6 ;54.3;
147 ;0:05.80 ;2512 ;0 ;1.069 ;4.6 ;0.0 ;0.900 ;0 ;2.70 ;7.0 ;0 ;0 ;6 ;54.3;
147 ;0:05.90 ;2391 ;0 ;1.082 ;4.6 ;0.0 ;0.900 ;0 ;2.79 ;6.7 ;0 ;0 ;6 ;51.0;
147 ;0:06.00 ;2388 ;0 ;1.064 ;4.7 ;0.0 ;0.900 ;0 ;2.79 ;6.7 ;0 ;0 ;6 ;53.1;
147 ;0:06.10 ;2347 ;0 ;1.048 ;4.9 ;0.0 ;0.900 ;0 ;2.83 ;6.6 ;0 ;0 ;7 ;49.0;
147 ;0:06.20 ;2351 ;0 ;1.050 ;5.0 ;0.0 ;0.900 ;0 ;2.82 ;6.7 ;0 ;0 ;7 ;50.0;
147 ;0:06.30 ;2426 ;0 ;1.061 ;5.0 ;0.0 ;0.900 ;0 ;2.76 ;6.8 ;0 ;0 ;6 ;50.0;
147 ;0:06.40 ;2422 ;0 ;1.072 ;5.3 ;0.0 ;0.900 ;0 ;2.77 ;6.8 ;0 ;0 ;6 ;47.1;
147 ;0:06.50 ;2413 ;0 ;1.074 ;5.2 ;0.0 ;0.900 ;0 ;2.77 ;6.8 ;0 ;0 ;6 ;46.2;
147 ;0:06.60 ;2373 ;0 ;1.063 ;5.3 ;0.0 ;0.900 ;0 ;2.81 ;6.7 ;0 ;0 ;7 ;50.0;
147 ;0:06.70 ;2340 ;0 ;1.050 ;5.6 ;0.0 ;0.900 ;0 ;2.83 ;6.6 ;0 ;0 ;7 ;44.6;
147 ;0:06.80 ;2380 ;0 ;1.074 ;5.6 ;0.0 ;0.900 ;0 ;2.80 ;6.7 ;0 ;0 ;7 ;44.6;
147 ;0:06.90 ;2494 ;0 ;1.074 ;5.7 ;0.0 ;0.900 ;0 ;2.71 ;6.9 ;0 ;0 ;6 ;43.8;
147 ;0:07.00 ;2432 ;0 ;1.046 ;5.6 ;0.0 ;0.900 ;0 ;2.76 ;6.8 ;0 ;0 ;6 ;44.6;
147 ;0:07.10 ;2414 ;0 ;1.033 ;5.8 ;0.0 ;0.900 ;0 ;2.77 ;6.8 ;0 ;0 ;6 ;43.1;
147 ;0:07.20 ;2358 ;0 ;1.028 ;6.2 ;0.0 ;0.900 ;0 ;2.82 ;6.7 ;0 ;0 ;7 ;40.3;
147 ;0:07.30 ;2339 ;0 ;1.049 ;6.0 ;0.0 ;0.900 ;0 ;2.83 ;6.6 ;0 ;0 ;7 ;41.6;
147 ;0:07.40 ;2325 ;0 ;1.065 ;5.9 ;0.0 ;0.900 ;0 ;2.84 ;6.6 ;0 ;0 ;7 ;42.3;
147 ;0:07.50 ;2334 ;0 ;1.052 ;6.3 ;0.0 ;0.900 ;0 ;2.84 ;6.6 ;0 ;0 ;7 ;38.4;
147 ;0:07.60 ;2330 ;0 ;1.055 ;6.7 ;0.0 ;0.900 ;0 ;2.84 ;6.6 ;0 ;0 ;7 ;40.9;
147 ;0:07.70 ;2369 ;0 ;1.080 ;6.6 ;0.0 ;0.900 ;0 ;2.81 ;6.7 ;0 ;0 ;7 ;34.7;
147 ;0:07.80 ;2367 ;0 ;1.091 ;6.8 ;0.0 ;0.900 ;0 ;2.81 ;6.7 ;0 ;0 ;7 ;36.7;
147 ;0:07.90 ;2383 ;0 ;1.098 ;6.7 ;0.0 ;0.900 ;0 ;2.80 ;6.7 ;0 ;0 ;7 ;37.8;
147 ;0:08.00 ;2288 ;0 ;1.114 ;6.9 ;0.0 ;0.900 ;0 ;2.87 ;6.5 ;0 ;0 ;7 ;34.7;
147 ;0:08.10 ;2257 ;0 ;1.108 ;7.2 ;0.0 ;0.900 ;0 ;2.90 ;6.5 ;0 ;0 ;7 ;34.7;
147 ;0:08.20 ;2352 ;0 ;1.086 ;7.1 ;0.0 ;0.900 ;0 ;2.82 ;6.7 ;0 ;0 ;7 ;34.7;
147 ;0:08.30 ;2339 ;0 ;1.108 ;7.1 ;0.0 ;0.900 ;0 ;2.83 ;6.6 ;0 ;0 ;7 ;32.8;
147 ;0:08.40 ;2375 ;0 ;1.103 ;7.9 ;0.0 ;0.900 ;0 ;2.80 ;6.7 ;0 ;0 ;7 ;32.8;
147 ;0:08.50 ;2341 ;0 ;1.095 ;7.8 ;0.0 ;0.900 ;0 ;2.83 ;6.6 ;0 ;0 ;7 ;32.0;
147 ;0:08.60 ;2314 ;0 ;1.091 ;7.7 ;0.0 ;0.900 ;0 ;2.85 ;6.6 ;0 ;0 ;7 ;31.6;
147 ;0:08.70 ;2267 ;0 ;1.083 ;7.8 ;0.0 ;0.900 ;0 ;2.89 ;6.5 ;0 ;0 ;7 ;32.0;
147 ;0:08.80 ;2281 ;0 ;1.070 ;8.2 ;0.0 ;0.900 ;0 ;2.88 ;6.5 ;0 ;0 ;7 ;30.4;
147 ;0:08.90 ;2368 ;0 ;1.058 ;8.6 ;0.0 ;0.900 ;0 ;2.81 ;6.7 ;0 ;0 ;7 ;30.1;
147 ;0:09.00 ;2361 ;0 ;1.077 ;8.5 ;0.0 ;0.900 ;0 ;2.82 ;6.7 ;0 ;0 ;7 ;29.7;
147 ;0:09.10 ;2347 ;0 ;1.098 ;8.6 ;0.0 ;0.900 ;0 ;2.83 ;6.6 ;0 ;0 ;7 ;27.7;
147 ;0:09.20 ;2383 ;0 ;1.081 ;8.2 ;0.0 ;0.900 ;0 ;2.80 ;6.7 ;0 ;0 ;7 ;26.0;
147 ;0:09.30 ;2355 ;0 ;1.069 ;8.8 ;0.0 ;0.900 ;0 ;2.82 ;6.7 ;0 ;0 ;7 ;27.4;
147 ;0:09.40 ;2312 ;0 ;1.084 ;9.1 ;0.0 ;0.900 ;0 ;2.86 ;6.6 ;0 ;0 ;7 ;26.3;
147 ;0:09.50 ;2272 ;0 ;1.106 ;9.3 ;0.0 ;0.900 ;0 ;2.89 ;6.5 ;0 ;0 ;7 ;26.3;
147 ;0:09.60 ;2286 ;0 ;1.131 ;9.6 ;0.0 ;0.900 ;0 ;2.88 ;6.5 ;0 ;0 ;7 ;26.3;
147 ;0:09.70 ;2285 ;0 ;1.129 ;9.8 ;0.0 ;0.900 ;0 ;2.88 ;6.5 ;0 ;0 ;7 ;26.5;
147 ;0:09.80 ;2281 ;0 ;1.099 ;9.4 ;0.0 ;0.900 ;0 ;2.88 ;6.5 ;0 ;0 ;7 ;27.4;
147 ;0:09.90 ;2397 ;0 ;1.093 ;9.6 ;0.0 ;0.900 ;0 ;2.79 ;6.7 ;0 ;0 ;6 ;25.0;
147 ;0:10.00 ;2388 ;0 ;1.069 ;9.6 ;0.0 ;0.900 ;0 ;2.79 ;6.7 ;0 ;0 ;6 ;26.0;
147 ;0:10.10 ;2335 ;0 ;1.074 ;9.8 ;0.0 ;0.900 ;0 ;2.84 ;6.6 ;0 ;0 ;7 ;25.0;
147 ;0:10.20 ;2309 ;0 ;1.113 ;10.2 ;0.0 ;0.900 ;0 ;2.86 ;6.6 ;0 ;0 ;7 ;25.2;
147 ;0:10.30 ;2275 ;0 ;1.151 ;10.2 ;0.0 ;0.900 ;0 ;2.88 ;6.5 ;0 ;0 ;7 ;24.2;
147 ;0:10.40 ;2269 ;0 ;1.163 ;10.5 ;0.0 ;0.900 ;0 ;2.89 ;6.5 ;0 ;0 ;7 ;23.7;
147 ;0:10.50 ;2209 ;0 ;1.158 ;9.9 ;0.0 ;0.900 ;0 ;2.94 ;6.4 ;0 ;0 ;7 ;23.3;
147 ;0:10.60 ;2221 ;0 ;1.133 ;10.2 ;0.0 ;0.900 ;0 ;2.93 ;6.4 ;0 ;0 ;7 ;23.5;
147 ;0:10.70 ;2252 ;0 ;1.112 ;10.3 ;0.0 ;0.900 ;0 ;2.90 ;6.5 ;0 ;0 ;7 ;22.0;
147 ;0:10.80 ;2235 ;0 ;1.111 ;10.8 ;0.0 ;0.900 ;0 ;2.92 ;6.4 ;0 ;0 ;7 ;23.8;
147 ;0:10.90 ;2301 ;0 ;1.113 ;10.7 ;0.0 ;0.900 ;0 ;2.86 ;6.6 ;0 ;0 ;7 ;21.0;
147 ;0:11.00 ;2315 ;0 ;1.104 ;11.7 ;0.0 ;0.900 ;0 ;2.85 ;6.6 ;0 ;0 ;7 ;21.0;
147 ;0:11.10 ;2265 ;0 ;1.096 ;11.0 ;0.0 ;0.900 ;0 ;2.89 ;6.5 ;0 ;0 ;7 ;21.2;
147 ;0:11.20 ;2260 ;0 ;1.108 ;11.7 ;0.0 ;0.900 ;0 ;2.90 ;6.5 ;0 ;0 ;7 ;20.1;
147 ;0:11.30 ;2248 ;0 ;1.139 ;12.2 ;0.0 ;0.900 ;0 ;2.91 ;6.4 ;0 ;0 ;7 ;20.3;
147 ;0:11.40 ;2232 ;0 ;1.148 ;12.5 ;0.0 ;0.900 ;0 ;2.92 ;6.4 ;0 ;0 ;7 ;18.4;
147 ;0:11.50 ;2275 ;0 ;1.133 ;13.0 ;0.0 ;0.900 ;0 ;2.88 ;6.5 ;0 ;0 ;7 ;18.7;
147 ;0:11.60 ;2287 ;0 ;1.109 ;12.4 ;0.0 ;0.900 ;0 ;2.88 ;6.5 ;0 ;0 ;7 ;19.0;
147 ;0:11.70 ;2214 ;0 ;1.117 ;13.1 ;0.0 ;0.900 ;0 ;2.93 ;6.4 ;0 ;0 ;7 ;17.5;
147 ;0:11.80 ;2222 ;0 ;1.083 ;13.2 ;0.0 ;0.900 ;0 ;2.93 ;6.4 ;0 ;0 ;7 ;18.4;
147 ;0:11.90 ;2299 ;0 ;1.012 ;13.8 ;0.0 ;0.900 ;0 ;2.87 ;6.5 ;0 ;0 ;7 ;19.0;
147 ;0:12.00 ;2400 ;0 ;0.976 ;13.3 ;0.0 ;0.900 ;0 ;2.78 ;6.8 ;0 ;0 ;6 ;18.5;
147 ;0:12.10 ;2417 ;0 ;0.945 ;14.1 ;0.0 ;0.900 ;0 ;2.77 ;6.8 ;0 ;0 ;6 ;17.6;
147 ;0:12.20 ;2401 ;0 ;0.916 ;14.7 ;0.0 ;0.900 ;0 ;2.78 ;6.8 ;0 ;0 ;6 ;17.2;
147 ;0:12.30 ;2443 ;0 ;0.864 ;15.2 ;0.0 ;0.900 ;0 ;2.75 ;6.8 ;0 ;0 ;6 ;16.7;
147 ;0:12.40 ;2478 ;0 ;0.860 ;14.4 ;0.0 ;0.900 ;0 ;2.72 ;6.9 ;0 ;0 ;6 ;16.4;
147 ;0:12.50 ;2516 ;0 ;0.852 ;14.8 ;0.0 ;0.900 ;0 ;2.70 ;7.0 ;0 ;0 ;6 ;17.1;
147 ;0:12.60 ;2525 ;0 ;0.850 ;15.6 ;0.0 ;0.900 ;0 ;2.70 ;7.0 ;0 ;0 ;6 ;18.4;
147 ;0:12.70 ;2617 ;0 ;0.836 ;16.5 ;0.0 ;0.900 ;0 ;2.68 ;7.2 ;0 ;0 ;6 ;18.1;
147 ;0:12.80 ;2733 ;0 ;0.831 ;15.8 ;0.0 ;0.900 ;0 ;2.66 ;7.4 ;0 ;0 ;6 ;17.7;
147 ;0:12.90 ;2896 ;0 ;0.820 ;16.2 ;0.0 ;0.900 ;0 ;2.63 ;7.7 ;0 ;0 ;6 ;17.0;
147 ;0:13.00 ;3032 ;0 ;0.807 ;15.1 ;0.0 ;0.900 ;0 ;2.61 ;8.0 ;0 ;0 ;6 ;16.4;
147 ;0:13.10 ;3133 ;0 ;0.804 ;16.7 ;0.0 ;0.900 ;0 ;2.63 ;8.3 ;0 ;0 ;7 ;18.8;
147 ;0:13.20 ;3396 ;0 ;0.795 ;16.2 ;0.0 ;0.900 ;0 ;2.68 ;9.1 ;0 ;0 ;7 ;21.7;
147 ;0:13.30 ;3612 ;0 ;0.781 ;16.9 ;0.0 ;0.900 ;0 ;2.72 ;9.8 ;0 ;0 ;8 ;22.4;
147 ;0:13.40 ;3834 ;0 ;0.773 ;16.5 ;0.0 ;0.900 ;0 ;2.76 ;10.5 ;0 ;0 ;8 ;23.9;
147 ;0:13.50 ;3985 ;0 ;0.782 ;16.0 ;0.0 ;0.900 ;0 ;2.79 ;10.9 ;0 ;0 ;9 ;26.8;
147 ;0:13.60 ;4097 ;0 ;0.798 ;16.5 ;0.0 ;0.900 ;0 ;2.80 ;11.3 ;0 ;0 ;9 ;25.9;
147 ;0:13.70 ;4150 ;0 ;0.815 ;16.1 ;0.0 ;0.900 ;0 ;2.79 ;11.6 ;0 ;0 ;9 ;27.1;
147 ;0:13.80 ;4195 ;0 ;0.831 ;16.9 ;0.0 ;0.900 ;0 ;2.79 ;11.7 ;0 ;0 ;9 ;26.5;
147 ;0:13.90 ;4171 ;0 ;0.839 ;15.6 ;0.0 ;0.900 ;0 ;2.79 ;11.6 ;0 ;0 ;9 ;27.5;
147 ;0:14.00 ;4115 ;0 ;0.836 ;16.4 ;0.0 ;0.900 ;0 ;2.79 ;11.4 ;0 ;0 ;9 ;25.9;
147 ;0:14.10 ;3994 ;0 ;0.833 ;17.2 ;0.0 ;0.900 ;0 ;2.79 ;10.9 ;0 ;0 ;9 ;24.8;
147 ;0:14.20 ;3985 ;0 ;0.806 ;18.2 ;0.0 ;0.900 ;0 ;2.79 ;10.9 ;0 ;0 ;9 ;24.1;
147 ;0:14.30 ;3936 ;0 ;0.798 ;16.5 ;0.0 ;0.900 ;0 ;2.78 ;10.8 ;0 ;0 ;9 ;24.1;
147 ;0:14.40 ;3904 ;0 ;0.791 ;17.5 ;0.0 ;0.900 ;0 ;2.78 ;10.7 ;0 ;0 ;9 ;24.1;
147 ;0:14.50 ;3924 ;0 ;0.794 ;17.9 ;0.0 ;0.900 ;0 ;2.78 ;10.8 ;0 ;0 ;9 ;22.6;
147 ;0:14.60 ;3934 ;0 ;0.798 ;17.8 ;0.0 ;0.900 ;0 ;2.78 ;10.8 ;0 ;0 ;9 ;22.4;
147 ;0:14.70 ;3823 ;0 ;0.792 ;19.2 ;0.0 ;0.900 ;0 ;2.76 ;10.4 ;0 ;0 ;8 ;20.3;
147 ;0:14.80 ;3813 ;0 ;0.786 ;20.0 ;0.0 ;0.900 ;0 ;2.76 ;10.4 ;0 ;0 ;8 ;20.9;
147 ;0:14.90 ;4058 ;0 ;0.790 ;19.8 ;0.0 ;0.900 ;0 ;2.80 ;11.2 ;0 ;0 ;9 ;21.7;
147 ;0:15.00 ;4161 ;0 ;0.803 ;20.2 ;0.0 ;0.900 ;0 ;2.79 ;11.6 ;0 ;0 ;9 ;21.8;
147 ;0:15.10 ;4225 ;0 ;0.830 ;21.2 ;0.0 ;0.900 ;0 ;2.78 ;11.9 ;0 ;0 ;9 ;20.7;
147 ;0:15.20 ;4425 ;0 ;0.858 ;21.4 ;0.0 ;0.900 ;0 ;2.76 ;12.7 ;0 ;0 ;10 ;20.9;
147 ;0:15.30 ;4558 ;0 ;0.866 ;22.1 ;0.0 ;0.900 ;0 ;2.75 ;13.2 ;0 ;0 ;10 ;20.0;
147 ;0:15.40 ;4700 ;0 ;0.875 ;24.4 ;0.0 ;0.900 ;0 ;2.73 ;13.8 ;0 ;0 ;10 ;20.0;
147 ;0:15.50 ;4945 ;0 ;0.897 ;24.7 ;0.0 ;0.900 ;0 ;2.71 ;14.7 ;0 ;0 ;11 ;20.0;
147 ;0:15.60 ;4953 ;0 ;0.902 ;25.3 ;0.0 ;0.900 ;0 ;2.71 ;14.8 ;0 ;0 ;11 ;19.6;
147 ;0:15.70 ;5121 ;0 ;0.922 ;24.8 ;0.0 ;0.900 ;0 ;2.70 ;15.6 ;0 ;0 ;11 ;20.6;
147 ;0:15.80 ;5344 ;0 ;0.951 ;27.3 ;0.0 ;0.900 ;0 ;2.70 ;16.7 ;0 ;0 ;12 ;19.7;
147 ;0:15.90 ;5346 ;0 ;0.974 ;26.4 ;0.0 ;0.900 ;0 ;2.70 ;16.7 ;0 ;0 ;12 ;19.7;
147 ;0:16.00 ;5598 ;0 ;0.995 ;27.6 ;0.0 ;0.900 ;0 ;2.70 ;17.9 ;0 ;0 ;12 ;20.0;
147 ;0:16.10 ;5605 ;0 ;0.992 ;28.9 ;0.0 ;0.900 ;0 ;2.70 ;18.0 ;0 ;0 ;12 ;20.8;
147 ;0:16.20 ;5885 ;0 ;0.964 ;28.5 ;0.0 ;0.900 ;0 ;2.70 ;19.4 ;0 ;0 ;13 ;20.5;
147 ;0:16.30 ;5901 ;0 ;0.930 ;30.0 ;0.0 ;0.900 ;0 ;2.70 ;19.5 ;0 ;0 ;13 ;20.0;
147 ;0:16.40 ;6210 ;0 ;0.917 ;30.3 ;0.0 ;0.900 ;0 ;2.70 ;22.1 ;0 ;0 ;14 ;20.5;
147 ;0:16.50 ;6304 ;0 ;0.931 ;31.4 ;0.0 ;0.900 ;0 ;2.70 ;23.0 ;0 ;0 ;14 ;19.0;
147 ;0:16.60 ;5598 ;0 ;0.952 ;34.8 ;0.0 ;0.900 ;0 ;2.70 ;17.9 ;0 ;0 ;12 ;16.3;
147 ;0:16.70 ;5299 ;0 ;0.987 ;35.6 ;0.0 ;0.900 ;0 ;2.70 ;16.4 ;0 ;0 ;12 ;15.0;
147 ;0:16.80 ;5295 ;0 ;1.005 ;36.5 ;0.0 ;0.900 ;0 ;2.70 ;16.4 ;0 ;0 ;11 ;14.5;
147 ;0:16.90 ;5671 ;0 ;1.073 ;38.2 ;0.0 ;0.900 ;0 ;2.70 ;18.3 ;0 ;0 ;12 ;14.7;
147 ;0:17.00 ;5662 ;0 ;1.084 ;38.8 ;0.0 ;0.900 ;0 ;2.70 ;18.3 ;0 ;0 ;12 ;14.3;
147 ;0:17.10 ;5868 ;0 ;1.087 ;40.3 ;0.0 ;0.900 ;0 ;2.70 ;19.3 ;0 ;0 ;13 ;14.3;
147 ;0:17.20 ;5956 ;0 ;1.093 ;42.2 ;0.0 ;0.900 ;0 ;2.70 ;19.7 ;0 ;0 ;13 ;14.4;
147 ;0:17.30 ;6003 ;0 ;1.085 ;42.6 ;0.0 ;0.900 ;0 ;2.70 ;20.0 ;0 ;0 ;13 ;14.5;
147 ;0:17.40 ;6109 ;0 ;1.087 ;43.5 ;0.0 ;0.900 ;0 ;2.70 ;21.0 ;0 ;0 ;13 ;14.9;
147 ;0:17.50 ;6340 ;0 ;1.084 ;43.1 ;0.0 ;0.900 ;0 ;2.70 ;23.4 ;0 ;0 ;14 ;14.1;
147 ;0:17.60 ;6403 ;0 ;1.086 ;45.1 ;0.0 ;0.900 ;0 ;2.70 ;24.0 ;0 ;0 ;14 ;14.0;
147 ;0:17.70 ;6533 ;0 ;1.074 ;44.9 ;0.0 ;0.900 ;0 ;2.70 ;25.3 ;0 ;0 ;14 ;14.5;
147 ;0:17.80 ;6698 ;0 ;1.016 ;46.3 ;0.0 ;0.900 ;0 ;2.70 ;26.9 ;0 ;0 ;15 ;14.4;
147 ;0:17.90 ;6934 ;0 ;0.972 ;49.6 ;0.0 ;0.900 ;0 ;2.70 ;29.5 ;0 ;0 ;15 ;14.3;
147 ;0:18.00 ;7118 ;0 ;0.933 ;51.9 ;0.0 ;0.900 ;0 ;2.70 ;32.3 ;0 ;0 ;16 ;13.8;
147 ;0:18.10 ;7295 ;0 ;0.894 ;51.6 ;0.0 ;0.900 ;0 ;2.70 ;35.9 ;0 ;0 ;16 ;14.1;
147 ;0:18.20 ;7247 ;0 ;0.779 ;53.3 ;0.0 ;0.900 ;0 ;2.70 ;34.9 ;0 ;0 ;16 ;12.8;
147 ;0:18.30 ;7298 ;0 ;0.711 ;53.8 ;0.0 ;0.900 ;0 ;2.70 ;35.9 ;0 ;0 ;16 ;14.1;
147 ;0:18.40 ;7700 ;0 ;0.701 ;52.1 ;0.0 ;0.900 ;0 ;2.70 ;44.0 ;0 ;0 ;17 ;19.3;
147 ;0:18.50 ;7719 ;28 ;0.677 ;52.9 ;0.0 ;0.900 ;0 ;5.49 ;54.3 ;0 ;0 ;35 ;31.2;
147 ;0:18.60 ;7653 ;32 ;0.678 ;53.2 ;0.0 ;0.900 ;0 ;5.63 ;53.3 ;0 ;0 ;36 ;30.1;
147 ;0:18.70 ;7822 ;33 ;0.682 ;54.8 ;0.0 ;0.900 ;0 ;5.76 ;55.2 ;0 ;0 ;38 ;32.3;
147 ;0:18.80 ;7563 ;33 ;0.681 ;50.8 ;0.0 ;0.900 ;0 ;5.64 ;52.0 ;0 ;0 ;36 ;32.2;
147 ;0:18.90 ;7364 ;32 ;0.678 ;51.0 ;0.0 ;0.900 ;0 ;5.51 ;50.1 ;0 ;0 ;34 ;28.6;
147 ;0:19.00 ;7393 ;32 ;0.677 ;50.7 ;0.0 ;0.900 ;0 ;5.52 ;50.3 ;0 ;0 ;34 ;28.9;
147 ;0:19.10 ;7126 ;32 ;0.682 ;52.1 ;0.0 ;0.900 ;0 ;5.40 ;47.4 ;0 ;0 ;32 ;29.4;
147 ;0:19.20 ;7004 ;30 ;0.681 ;46.7 ;0.0 ;0.900 ;0 ;5.25 ;47.7 ;0 ;0 ;30 ;28.4;
147 ;0:19.30 ;7054 ;28 ;0.692 ;47.9 ;0.0 ;0.900 ;0 ;5.16 ;49.7 ;0 ;0 ;30 ;29.1;
147 ;0:19.40 ;6517 ;26 ;0.691 ;44.6 ;0.0 ;0.900 ;0 ;5.34 ;43.6 ;0 ;0 ;29 ;29.1;
147 ;0:19.50 ;6980 ;31 ;0.690 ;43.8 ;0.0 ;0.900 ;0 ;5.32 ;46.5 ;0 ;0 ;30 ;33.9;
147 ;0:19.60 ;7115 ;35 ;0.791 ;44.6 ;0.0 ;0.900 ;0 ;5.51 ;46.5 ;0 ;0 ;32 ;37.9;
147 ;0:19.70 ;7384 ;38 ;0.876 ;41.7 ;0.0 ;0.900 ;0 ;5.69 ;48.5 ;0 ;0 ;35 ;36.8;
147 ;0:19.80 ;7951 ;38 ;0.666 ;42.9 ;0.0 ;0.900 ;0 ;5.93 ;45.2 ;0 ;0 ;39 ;44.1;
147 ;0:19.90 ;8113 ;38 ;0.666 ;41.4 ;0.0 ;0.900 ;0 ;5.95 ;54.6 ;0 ;0 ;40 ;44.0;
147 ;0:20.00 ;8138 ;38 ;0.682 ;38.6 ;0.0 ;0.900 ;0 ;5.95 ;54.4 ;0 ;0 ;41 ;46.0;
147 ;0:20.10 ;7600 ;38 ;0.679 ;38.1 ;0.0 ;0.900 ;0 ;5.79 ;51.5 ;0 ;0 ;37 ;43.1;
147 ;0:20.20 ;7485 ;38 ;0.669 ;37.5 ;0.0 ;0.900 ;0 ;5.75 ;50.3 ;0 ;0 ;36 ;45.0;
147 ;0:20.30 ;7197 ;38 ;0.672 ;34.4 ;0.0 ;0.900 ;0 ;5.64 ;47.1 ;0 ;0 ;34 ;43.2;
147 ;0:20.40 ;6863 ;37 ;0.708 ;33.5 ;0.0 ;0.900 ;0 ;5.62 ;43.6 ;0 ;0 ;32 ;44.2;
147 ;0:20.50 ;6730 ;37 ;0.718 ;32.8 ;0.0 ;0.900 ;0 ;5.69 ;42.3 ;0 ;0 ;32 ;44.6;
147 ;0:20.60 ;6562 ;34 ;0.675 ;31.6 ;0.0 ;0.900 ;0 ;5.68 ;40.7 ;0 ;0 ;31 ;41.8;
147 ;0:20.70 ;6377 ;31 ;0.701 ;33.0 ;0.0 ;0.900 ;0 ;5.66 ;39.6 ;0 ;0 ;30 ;42.5;
147 ;0:20.80 ;6147 ;31 ;0.745 ;29.9 ;0.0 ;0.900 ;0 ;5.79 ;36.9 ;0 ;0 ;29 ;43.3;
147 ;0:20.90 ;5990 ;31 ;0.702 ;29.1 ;29.1 ;0.900 ;0 ;5.88 ;35.2 ;0 ;0 ;29 ;46.1;
147 ;0:21.00 ;5588 ;31 ;0.722 ;28.3 ;27.1 ;0.900 ;-4 ;6.01 ;35.1 ;0 ;0 ;28 ;47.8;
147 ;0:21.10 ;5695 ;31 ;0.709 ;26.4 ;27.6 ;0.900 ;4 ;5.97 ;35.1 ;0 ;0 ;28 ;56.5;
147 ;0:21.20 ;5610 ;31 ;0.713 ;24.0 ;27.2 ;0.900 ;13 ;6.00 ;35.0 ;0 ;0 ;28 ;55.7;
147 ;0:21.30 ;5522 ;31 ;0.730 ;20.9 ;26.8 ;0.900 ;28 ;6.03 ;34.0 ;0 ;0 ;27 ;61.3;
147 ;0:21.40 ;5548 ;30 ;0.698 ;19.3 ;26.9 ;0.900 ;39 ;5.98 ;33.2 ;0 ;0 ;27 ;66.8;
147 ;0:21.50 ;5774 ;29 ;0.712 ;16.7 ;28.0 ;0.900 ;67 ;5.86 ;32.4 ;0 ;0 ;28 ;73.7;
147 ;0:21.60 ;6058 ;29 ;0.736 ;16.6 ;29.4 ;0.900 ;77 ;5.76 ;33.2 ;0 ;0 ;29 ;84.7;
147 ;0:21.70 ;6291 ;30 ;0.707 ;13.8 ;30.5 ;0.900 ;121 ;5.66 ;36.9 ;0 ;0 ;30 ;89.2;
147 ;0:21.80 ;5850 ;30 ;0.752 ;13.7 ;28.4 ;0.900 ;107 ;5.88 ;33.4 ;0 ;0 ;28 ;96.2;
147 ;0:21.90 ;6175 ;30 ;0.723 ;11.4 ;30.0 ;0.900 ;163 ;5.73 ;35.1 ;0 ;0 ;29 ;113.5;
147 ;0:22.00 ;5958 ;31 ;0.780 ;10.4 ;28.9 ;0.900 ;177 ;5.89 ;33.9 ;0 ;0 ;29 ;132.0;
147 ;0:22.10 ;5877 ;32 ;0.821 ;9.4 ;28.5 ;0.900 ;203 ;5.95 ;33.4 ;0 ;0 ;29 ;148.3;
147 ;0:22.20 ;6283 ;32 ;0.850 ;8.6 ;30.5 ;0.900 ;254 ;5.75 ;37.3 ;0 ;0 ;30 ;174.6;
147 ;0:22.30 ;5758 ;31 ;0.774 ;7.2 ;27.9 ;0.900 ;287 ;5.95 ;35.1 ;0 ;0 ;28 ;198.4;
147 ;0:22.40 ;5056 ;27 ;0.759 ;5.8 ;24.5 ;0.900 ;322 ;6.00 ;34.4 ;0 ;0 ;25 ;186.2;
147 ;0:22.50 ;4696 ;23 ;0.740 ;5.3 ;22.8 ;0.900 ;330 ;5.74 ;33.5 ;0 ;0 ;22 ;201.8;
147 ;0:22.60 ;5322 ;23 ;0.751 ;2.4 ;25.8 ;0.900 ;975 ;5.69 ;35.7 ;0 ;0 ;25 ;487.5;
147 ;0:22.70 ;3189 ;0 ;0.854 ;0.7 ;0.0 ;0.900 ;0 ;2.64 ;8.5 ;0 ;0 ;7 ;0.0;
147 ;0:22.80 ;3265 ;0 ;0.866 ;0.7 ;0.0 ;0.900 ;0 ;2.66 ;8.7 ;0 ;0 ;7 ;0.0;
147 ;0:22.90 ;3259 ;0 ;0.864 ;0.7 ;0.0 ;0.900 ;0 ;2.65 ;8.7 ;0 ;0 ;7 ;0.0;
147 ;0:23.00 ;3274 ;0 ;0.871 ;0.7 ;0.0 ;0.900 ;0 ;2.66 ;8.8 ;0 ;0 ;7 ;0.0;
147 ;0:23.10 ;3250 ;0 ;0.871 ;0.7 ;0.0 ;0.900 ;0 ;2.65 ;8.7 ;0 ;0 ;7 ;0.0;
147 ;0:23.20 ;3259 ;0 ;0.899 ;1.2 ;0.0 ;0.900 ;0 ;2.65 ;8.7 ;0 ;0 ;7 ;0.0;
147 ;0:23.30 ;3286 ;0 ;0.922 ;1.2 ;0.0 ;0.900 ;0 ;2.66 ;8.8 ;0 ;0 ;7 ;0.0;
147 ;0:23.40 ;3233 ;0 ;0.941 ;1.2 ;0.0 ;0.900 ;0 ;2.65 ;8.6 ;0 ;0 ;7 ;0.0;
147 ;0:23.50 ;3213 ;0 ;0.959 ;1.6 ;0.0 ;0.900 ;0 ;2.65 ;8.6 ;0 ;0 ;7 ;0.0;
147 ;0:23.60 ;2971 ;0 ;0.981 ;1.6 ;0.0 ;0.900 ;0 ;2.62 ;7.9 ;0 ;0 ;6 ;0.0;
147 ;0:23.70 ;2899 ;0 ;0.996 ;1.6 ;0.0 ;0.900 ;0 ;2.63 ;7.7 ;0 ;0 ;6 ;0.0;
147 ;0:23.80 ;2927 ;0 ;1.005 ;2.0 ;0.0 ;0.900 ;0 ;2.63 ;7.8 ;0 ;0 ;6 ;0.0;
147 ;0:23.90 ;2819 ;0 ;0.998 ;2.0 ;0.0 ;0.900 ;0 ;2.65 ;7.6 ;0 ;0 ;6 ;128.5;
147 ;0:24.00 ;2659 ;0 ;0.993 ;2.1 ;0.0 ;0.900 ;0 ;2.68 ;7.3 ;0 ;0 ;6 ;123.8;
147 ;0:24.10 ;2583 ;0 ;0.960 ;2.4 ;0.0 ;0.900 ;0 ;2.69 ;7.1 ;0 ;0 ;6 ;108.3;
147 ;0:24.20 ;2549 ;0 ;0.934 ;2.6 ;0.0 ;0.900 ;0 ;2.70 ;7.0 ;0 ;0 ;6 ;100.0;
147 ;0:24.30 ;2531 ;0 ;0.906 ;2.6 ;0.0 ;0.900 ;0 ;2.70 ;7.0 ;0 ;0 ;6 ;92.5;
147 ;0:24.40 ;2528 ;0 ;0.892 ;2.7 ;0.0 ;0.900 ;0 ;2.70 ;7.0 ;0 ;0 ;6 ;86.2;
147 ;0:24.50 ;2460 ;0 ;0.889 ;2.9 ;0.0 ;0.900 ;0 ;2.74 ;6.9 ;0 ;0 ;6 ;86.2;
147 ;0:24.60 ;2333 ;0 ;0.886 ;2.9 ;0.0 ;0.900 ;0 ;2.84 ;6.6 ;0 ;0 ;7 ;75.0;
147 ;0:24.70 ;2136 ;0 ;0.902 ;3.2 ;0.0 ;0.900 ;0 ;3.00 ;6.2 ;0 ;0 ;7 ;71.8;
147 ;0:24.80 ;2087 ;0 ;0.900 ;3.2 ;0.0 ;0.900 ;0 ;3.04 ;6.1 ;0 ;0 ;7 ;69.6;
147 ;0:24.90 ;2083 ;0 ;0.908 ;3.3 ;0.0 ;0.900 ;0 ;3.04 ;6.1 ;0 ;0 ;7 ;62.1;
147 ;0:25.00 ;2030 ;0 ;0.906 ;3.6 ;0.0 ;0.900 ;0 ;3.08 ;6.0 ;0 ;0 ;7 ;66.6;
147 ;0:25.10 ;2010 ;0 ;0.907 ;3.9 ;0.0 ;0.900 ;0 ;3.10 ;6.0 ;0 ;0 ;7 ;58.9;
147 ;0:25.20 ;1933 ;0 ;0.914 ;3.7 ;0.0 ;0.900 ;0 ;3.13 ;5.8 ;0 ;0 ;7 ;57.5;
147 ;0:25.30 ;1935 ;0 ;0.912 ;4.0 ;0.0 ;0.900 ;0 ;3.13 ;5.8 ;0 ;0 ;7 ;57.5;
147 ;0:25.40 ;1879 ;0 ;0.927 ;3.8 ;0.0 ;0.900 ;0 ;3.15 ;5.7 ;0 ;0 ;7 ;57.8;
147 ;0:25.50 ;1916 ;0 ;0.930 ;4.0 ;0.0 ;0.900 ;0 ;3.14 ;5.8 ;0 ;0 ;7 ;50.0;
147 ;0:25.60 ;1992 ;0 ;0.925 ;4.2 ;0.0 ;0.900 ;0 ;3.11 ;5.9 ;0 ;0 ;7 ;52.3;
147 ;0:25.70 ;1876 ;0 ;0.918 ;4.3 ;0.0 ;0.900 ;0 ;3.15 ;5.7 ;0 ;0 ;7 ;52.2;
147 ;0:25.80 ;1902 ;0 ;0.915 ;4.6 ;0.0 ;0.900 ;0 ;3.14 ;5.8 ;0 ;0 ;7 ;47.8;
147 ;0:25.90 ;1765 ;0 ;0.902 ;4.7 ;0.0 ;0.900 ;0 ;3.20 ;5.5 ;0 ;0 ;8 ;42.8;
147 ;0:26.00 ;1816 ;0 ;0.866 ;5.1 ;0.0 ;0.900 ;0 ;3.18 ;5.6 ;0 ;0 ;7 ;41.1;
147 ;0:26.10 ;1720 ;0 ;0.842 ;5.0 ;0.0 ;0.900 ;0 ;3.22 ;5.4 ;0 ;0 ;8 ;38.4;
147 ;0:26.20 ;1706 ;0 ;0.860 ;5.3 ;0.0 ;0.900 ;0 ;3.22 ;5.4 ;0 ;0 ;8 ;38.4;
147 ;0:26.30 ;1609 ;0 ;0.836 ;5.6 ;0.0 ;0.900 ;0 ;3.26 ;5.2 ;0 ;0 ;8 ;30.3;
147 ;0:26.40 ;1402 ;0 ;0.843 ;5.8 ;0.0 ;0.900 ;0 ;3.30 ;5.0 ;0 ;0 ;8 ;25.8;
147 ;0:26.50 ;1067 ;0 ;0.839 ;5.6 ;0.0 ;0.900 ;0 ;3.30 ;5.0 ;0 ;0 ;8 ;25.0;
147 ;0:26.60 ;941 ;0 ;0.839 ;6.4 ;0.0 ;0.900 ;0 ;3.30 ;5.0 ;0 ;0 ;8 ;18.7;
147 ;0:26.70 ;1202 ;0 ;0.831 ;6.5 ;0.0 ;0.900 ;0 ;3.30 ;5.0 ;0 ;0 ;8 ;24.6;
147 ;0:26.80 ;1367 ;0 ;0.823 ;6.6 ;0.0 ;0.900 ;0 ;3.30 ;5.0 ;0 ;0 ;8 ;25.3;
147 ;0:26.90 ;1728 ;0 ;0.834 ;7.0 ;0.0 ;0.900 ;0 ;3.21 ;5.4 ;0 ;0 ;8 ;29.5;
147 ;0:27.00 ;2018 ;0 ;0.851 ;7.5 ;0.0 ;0.900 ;0 ;3.09 ;6.0 ;0 ;0 ;7 ;31.5;
147 ;0:27.10 ;2300 ;0 ;0.868 ;7.6 ;0.0 ;0.900 ;0 ;2.86 ;6.6 ;0 ;0 ;7 ;33.3;
147 ;0:27.20 ;2591 ;0 ;0.845 ;7.9 ;0.0 ;0.900 ;0 ;2.69 ;7.1 ;0 ;0 ;6 ;36.9;
147 ;0:27.30 ;2958 ;0 ;0.783 ;8.0 ;0.0 ;0.900 ;0 ;2.62 ;7.9 ;0 ;0 ;6 ;36.2;
147 ;0:27.40 ;3246 ;0 ;0.780 ;8.6 ;0.0 ;0.900 ;0 ;2.65 ;8.7 ;0 ;0 ;7 ;39.2;
147 ;0:27.50 ;3680 ;0 ;0.807 ;8.4 ;0.0 ;0.900 ;0 ;2.73 ;10.0 ;0 ;0 ;8 ;48.7;
147 ;0:27.60 ;4099 ;0 ;0.820 ;8.7 ;0.0 ;0.900 ;0 ;2.80 ;11.3 ;0 ;0 ;9 ;46.7;
147 ;0:27.70 ;4322 ;1 ;0.771 ;9.3 ;0.0 ;0.900 ;0 ;2.99 ;15.2 ;0 ;0 ;10 ;50.5;
147 ;0:27.80 ;4625 ;3 ;0.776 ;9.4 ;0.0 ;0.900 ;0 ;3.43 ;23.6 ;0 ;0 ;13 ;62.2;
147 ;0:27.90 ;4820 ;4 ;0.769 ;10.4 ;0.0 ;0.900 ;0 ;3.66 ;28.5 ;0 ;0 ;14 ;65.3;
147 ;0:28.00 ;4800 ;4 ;0.765 ;10.2 ;0.0 ;0.900 ;0 ;3.66 ;28.4 ;0 ;0 ;14 ;61.1;
147 ;0:28.10 ;4011 ;4 ;0.775 ;11.0 ;0.0 ;0.900 ;0 ;3.66 ;22.0 ;0 ;0 ;12 ;49.0;
147 ;0:28.20 ;3447 ;4 ;0.772 ;10.4 ;0.0 ;0.900 ;0 ;3.66 ;18.1 ;0 ;0 ;10 ;43.1;
147 ;0:28.30 ;3118 ;4 ;0.781 ;11.4 ;0.0 ;0.900 ;0 ;3.66 ;15.8 ;0 ;0 ;9 ;38.1;
147 ;0:28.40 ;2961 ;5 ;0.766 ;11.6 ;0.0 ;0.900 ;0 ;3.80 ;16.2 ;0 ;0 ;9 ;36.3;
147 ;0:28.50 ;2849 ;5 ;0.746 ;12.2 ;0.0 ;0.900 ;0 ;3.80 ;15.6 ;0 ;0 ;9 ;37.0;
147 ;0:28.60 ;2906 ;5 ;0.737 ;11.4 ;0.0 ;0.900 ;0 ;3.80 ;16.0 ;0 ;0 ;9 ;39.4;
147 ;0:28.70 ;3469 ;5 ;0.739 ;11.0 ;0.0 ;0.900 ;0 ;3.80 ;19.3 ;0 ;0 ;11 ;45.9;
147 ;0:28.80 ;3762 ;6 ;0.721 ;11.1 ;0.0 ;0.900 ;0 ;3.94 ;22.1 ;0 ;0 ;12 ;50.8;
147 ;0:28.90 ;4021 ;6 ;0.716 ;10.5 ;0.0 ;0.900 ;0 ;3.94 ;23.6 ;0 ;0 ;13 ;57.1;
147 ;0:29.00 ;4058 ;6 ;0.739 ;10.0 ;0.0 ;0.900 ;0 ;3.94 ;23.9 ;0 ;0 ;13 ;53.9;
147 ;0:29.10 ;4110 ;7 ;0.731 ;9.9 ;0.0 ;0.900 ;0 ;4.08 ;25.2 ;0 ;0 ;14 ;61.5;
147 ;0:29.20 ;4217 ;7 ;0.722 ;9.6 ;0.0 ;0.900 ;0 ;4.08 ;26.2 ;0 ;0 ;14 ;67.0;
147 ;0:29.30 ;4280 ;7 ;0.730 ;9.7 ;0.0 ;0.900 ;0 ;4.08 ;27.3 ;0 ;0 ;14 ;70.2;
147 ;0:29.40 ;4192 ;7 ;0.734 ;9.6 ;0.0 ;0.900 ;0 ;4.08 ;26.0 ;0 ;0 ;14 ;71.7;
147 ;0:29.50 ;4246 ;7 ;0.740 ;9.0 ;0.0 ;0.900 ;0 ;4.08 ;26.5 ;0 ;0 ;14 ;75.8;
147 ;0:29.60 ;4325 ;7 ;0.728 ;8.8 ;0.0 ;0.900 ;0 ;4.08 ;27.3 ;0 ;0 ;14 ;74.1;
147 ;0:29.70 ;4333 ;7 ;0.734 ;8.3 ;0.0 ;0.900 ;0 ;4.08 ;27.3 ;0 ;0 ;14 ;81.4;
147 ;0:29.80 ;4333 ;7 ;0.735 ;8.5 ;0.0 ;0.900 ;0 ;4.08 ;27.3 ;0 ;0 ;14 ;80.2;
147 ;0:29.90 ;4337 ;7 ;0.734 ;7.6 ;0.0 ;0.900 ;0 ;4.08 ;27.3 ;0 ;0 ;14 ;80.4;
147 ;0:30.00 ;4351 ;7 ;0.745 ;7.8 ;0.0 ;0.900 ;0 ;4.08 ;27.5 ;0 ;0 ;14 ;85.7;
147 ;0:30.10 ;4330 ;7 ;0.739 ;7.8 ;0.0 ;0.900 ;0 ;4.08 ;27.3 ;0 ;0 ;14 ;90.5;
147 ;0:30.20 ;4330 ;7 ;0.729 ;7.2 ;0.0 ;0.900 ;0 ;4.08 ;27.3 ;0 ;0 ;14 ;95.7;
147 ;0:30.30 ;4298 ;7 ;0.743 ;7.1 ;0.0 ;0.900 ;0 ;4.08 ;27.0 ;0 ;0 ;14 ;91.5;
147 ;0:30.40 ;4329 ;7 ;0.803 ;6.7 ;0.0 ;0.900 ;0 ;4.08 ;27.3 ;0 ;0 ;14 ;97.0;
147 ;0:30.50 ;4592 ;7 ;0.880 ;7.1 ;0.0 ;0.900 ;0 ;4.08 ;29.8 ;0 ;0 ;15 ;112.5;
147 ;0:30.60 ;4955 ;7 ;0.832 ;6.6 ;0.0 ;0.900 ;0 ;4.08 ;33.2 ;0 ;0 ;16 ;118.1;
147 ;0:30.70 ;5487 ;8 ;0.803 ;6.2 ;0.0 ;0.900 ;0 ;3.94 ;42.3 ;0 ;0 ;18 ;132.2;
147 ;0:30.80 ;6155 ;8 ;0.868 ;6.3 ;0.0 ;0.900 ;0 ;3.56 ;50.9 ;0 ;0 ;18 ;133.8;
147 ;0:30.90 ;5642 ;8 ;0.909 ;6.3 ;0.0 ;0.900 ;0 ;3.85 ;44.6 ;0 ;0 ;17 ;124.6;
147 ;0:31.00 ;4673 ;8 ;0.896 ;6.4 ;0.0 ;0.900 ;0 ;4.23 ;31.7 ;0 ;0 ;16 ;109.2;
147 ;0:31.10 ;3547 ;8 ;0.868 ;6.7 ;0.0 ;0.900 ;0 ;4.23 ;23.1 ;0 ;0 ;12 ;80.3;
147 ;0:31.20 ;2924 ;8 ;0.885 ;7.0 ;0.0 ;0.900 ;0 ;4.23 ;20.8 ;0 ;0 ;10 ;62.8;
147 ;0:31.30 ;2133 ;8 ;0.914 ;7.7 ;0.0 ;0.900 ;0 ;4.23 ;20.0 ;0 ;0 ;10 ;45.8;
147 ;0:31.40 ;1760 ;8 ;0.915 ;7.7 ;0.0 ;0.900 ;0 ;4.39 ;17.6 ;0 ;0 ;10 ;33.7;
147 ;0:31.50 ;1566 ;7 ;0.906 ;8.0 ;0.0 ;0.900 ;0 ;4.50 ;14.4 ;0 ;0 ;11 ;27.5;
147 ;0:31.60 ;952 ;6 ;0.911 ;7.8 ;0.0 ;0.900 ;0 ;4.56 ;13.0 ;0 ;0 ;11 ;20.4;
147 ;0:31.70 ;1166 ;5 ;0.909 ;8.4 ;0.0 ;0.900 ;0 ;4.56 ;12.0 ;0 ;0 ;11 ;22.1;
147 ;0:31.80 ;1766 ;2 ;0.903 ;8.8 ;0.0 ;0.900 ;0 ;3.64 ;8.5 ;0 ;0 ;9 ;27.5;
147 ;0:31.90 ;2248 ;0 ;0.907 ;8.4 ;0.0 ;0.900 ;0 ;2.91 ;6.4 ;0 ;0 ;7 ;28.7;
147 ;0:32.00 ;2620 ;0 ;0.900 ;8.6 ;0.0 ;0.900 ;0 ;2.68 ;7.2 ;0 ;0 ;6 ;32.5;
147 ;0:32.10 ;2922 ;0 ;0.901 ;9.1 ;0.0 ;0.900 ;0 ;2.63 ;7.8 ;0 ;0 ;6 ;31.8;
147 ;0:32.20 ;3111 ;0 ;0.884 ;8.7 ;0.0 ;0.900 ;0 ;2.63 ;8.3 ;0 ;0 ;6 ;37.8;
147 ;0:32.30 ;3170 ;0 ;0.861 ;8.4 ;0.0 ;0.900 ;0 ;2.64 ;8.5 ;0 ;0 ;7 ;36.7;
147 ;0:32.40 ;3290 ;0 ;0.872 ;8.8 ;0.0 ;0.900 ;0 ;2.66 ;8.8 ;0 ;0 ;7 ;35.9;
147 ;0:32.50 ;3242 ;0 ;0.871 ;8.5 ;0.0 ;0.900 ;0 ;2.65 ;8.7 ;0 ;0 ;7 ;32.6;
147 ;0:32.60 ;3194 ;0 ;0.875 ;9.6 ;0.0 ;0.900 ;0 ;2.64 ;8.5 ;0 ;0 ;7 ;35.1;
147 ;0:32.70 ;3243 ;0 ;0.864 ;9.7 ;0.0 ;0.900 ;0 ;2.65 ;8.7 ;0 ;0 ;7 ;29.6;
147 ;0:32.80 ;3216 ;0 ;0.864 ;9.8 ;0.0 ;0.900 ;0 ;2.65 ;8.6 ;0 ;0 ;7 ;30.7;
147 ;0:32.90 ;3249 ;0 ;0.872 ;10.1 ;0.0 ;0.900 ;0 ;2.65 ;8.7 ;0 ;0 ;7 ;29.6;
147 ;0:33.00 ;3243 ;0 ;0.871 ;11.0 ;0.0 ;0.900 ;0 ;2.65 ;8.7 ;0 ;0 ;7 ;28.3;
147 ;0:33.10 ;3279 ;0 ;0.854 ;10.9 ;0.0 ;0.900 ;0 ;2.66 ;8.8 ;0 ;0 ;7 ;29.3;
147 ;0:33.20 ;3227 ;0 ;0.848 ;12.3 ;0.0 ;0.900 ;0 ;2.65 ;8.6 ;0 ;0 ;7 ;27.8;
147 ;0:33.30 ;3226 ;0 ;0.851 ;12.9 ;0.0 ;0.900 ;0 ;2.65 ;8.6 ;0 ;0 ;7 ;26.9;
147 ;0:33.40 ;3173 ;0 ;0.860 ;11.8 ;0.0 ;0.900 ;0 ;2.64 ;8.5 ;0 ;0 ;6 ;26.4;
147 ;0:33.50 ;3147 ;0 ;0.866 ;12.4 ;0.0 ;0.900 ;0 ;2.63 ;8.4 ;0 ;0 ;6 ;24.6;
147 ;0:33.60 ;3150 ;0 ;0.899 ;12.6 ;0.0 ;0.900 ;0 ;2.63 ;8.4 ;0 ;0 ;6 ;25.2;
147 ;0:33.70 ;3089 ;0 ;0.886 ;13.0 ;0.0 ;0.900 ;0 ;2.62 ;8.2 ;0 ;0 ;6 ;24.0;
147 ;0:33.80 ;3086 ;0 ;0.901 ;12.9 ;0.0 ;0.900 ;0 ;2.62 ;8.2 ;0 ;0 ;6 ;21.4;
147 ;0:33.90 ;2981 ;0 ;0.894 ;13.1 ;0.0 ;0.900 ;0 ;2.62 ;7.9 ;0 ;0 ;6 ;22.2;
147 ;0:34.00 ;2999 ;0 ;0.882 ;13.6 ;0.0 ;0.900 ;0 ;2.62 ;7.9 ;0 ;0 ;6 ;21.0;
147 ;0:34.10 ;2960 ;0 ;0.880 ;14.0 ;0.0 ;0.900 ;0 ;2.62 ;7.9 ;0 ;0 ;6 ;20.0;
147 ;0:34.20 ;2921 ;0 ;0.871 ;14.6 ;0.0 ;0.900 ;0 ;2.63 ;7.8 ;0 ;0 ;6 ;20.5;
147 ;0:34.30 ;2905 ;0 ;0.856 ;14.1 ;0.0 ;0.900 ;0 ;2.63 ;7.8 ;0 ;0 ;6 ;19.0;
147 ;0:34.40 ;2927 ;0 ;0.843 ;14.9 ;0.0 ;0.900 ;0 ;2.63 ;7.8 ;0 ;0 ;6 ;18.7;
147 ;0:34.50 ;2895 ;0 ;0.829 ;15.1 ;0.0 ;0.900 ;0 ;2.63 ;7.7 ;0 ;0 ;6 ;18.5;
147 ;0:34.60 ;2882 ;0 ;0.826 ;16.9 ;0.0 ;0.900 ;0 ;2.64 ;7.7 ;0 ;0 ;6 ;19.3;
147 ;0:34.70 ;2924 ;0 ;0.848 ;15.3 ;0.0 ;0.900 ;0 ;2.63 ;7.8 ;0 ;0 ;6 ;17.8;
147 ;0:34.80 ;2919 ;0 ;0.857 ;15.9 ;0.0 ;0.900 ;0 ;2.63 ;7.8 ;0 ;0 ;6 ;18.4;
147 ;0:34.90 ;3055 ;0 ;0.857 ;17.7 ;0.0 ;0.900 ;0 ;2.62 ;8.1 ;0 ;0 ;6 ;18.6;
147 ;0:35.00 ;3187 ;0 ;0.843 ;16.0 ;0.0 ;0.900 ;0 ;2.64 ;8.5 ;0 ;0 ;7 ;19.4;
147 ;0:35.10 ;3250 ;0 ;0.852 ;15.9 ;0.0 ;0.900 ;0 ;2.65 ;8.7 ;0 ;0 ;7 ;19.6;
147 ;0:35.20 ;3239 ;0 ;0.853 ;15.3 ;0.0 ;0.900 ;0 ;2.65 ;8.7 ;0 ;0 ;7 ;19.6;
147 ;0:35.30 ;3265 ;0 ;0.855 ;14.2 ;0.0 ;0.900 ;0 ;2.66 ;8.7 ;0 ;0 ;7 ;21.7;
147 ;0:35.40 ;3161 ;0 ;0.865 ;14.7 ;0.0 ;0.900 ;0 ;2.64 ;8.4 ;0 ;0 ;7 ;23.0;
147 ;0:35.50 ;3237 ;0 ;0.871 ;14.1 ;0.0 ;0.900 ;0 ;2.65 ;8.7 ;0 ;0 ;7 ;21.5;
147 ;0:35.60 ;3225 ;0 ;0.859 ;13.7 ;0.0 ;0.900 ;0 ;2.65 ;8.6 ;0 ;0 ;7 ;21.9;
147 ;0:35.70 ;3276 ;0 ;0.862 ;14.6 ;0.0 ;0.900 ;0 ;2.66 ;8.8 ;0 ;0 ;7 ;24.4;
147 ;0:35.80 ;3291 ;0 ;0.865 ;14.5 ;0.0 ;0.900 ;0 ;2.66 ;8.8 ;0 ;0 ;7 ;23.2;
147 ;0:35.90 ;3320 ;0 ;0.872 ;14.6 ;0.0 ;0.900 ;0 ;2.67 ;8.9 ;0 ;0 ;7 ;23.0;
147 ;0:36.00 ;3329 ;0 ;0.878 ;14.6 ;0.0 ;0.900 ;0 ;2.67 ;8.9 ;0 ;0 ;7 ;23.0;
147 ;0:36.10 ;3346 ;0 ;0.886 ;15.3 ;0.0 ;0.900 ;0 ;2.67 ;9.0 ;0 ;0 ;7 ;23.4;
147 ;0:36.20 ;3371 ;0 ;0.893 ;14.8 ;0.0 ;0.900 ;0 ;2.68 ;9.1 ;0 ;0 ;7 ;22.9;
147 ;0:36.30 ;3371 ;0 ;0.945 ;15.1 ;0.0 ;0.900 ;0 ;2.68 ;9.1 ;0 ;0 ;7 ;22.2;
147 ;0:36.40 ;3361 ;0 ;0.962 ;15.5 ;0.0 ;0.900 ;0 ;2.67 ;9.0 ;0 ;0 ;7 ;21.0;
147 ;0:36.50 ;3231 ;0 ;1.013 ;15.9 ;0.0 ;0.900 ;0 ;2.65 ;8.6 ;0 ;0 ;7 ;20.0;
147 ;0:36.60 ;3186 ;0 ;1.018 ;15.7 ;0.0 ;0.900 ;0 ;2.64 ;8.5 ;0 ;0 ;6 ;18.7;
147 ;0:36.70 ;2907 ;0 ;1.000 ;16.4 ;0.0 ;0.900 ;0 ;2.63 ;7.8 ;0 ;0 ;6 ;17.6;
147 ;0:36.80 ;2707 ;0 ;0.978 ;17.4 ;0.0 ;0.900 ;0 ;2.67 ;7.4 ;0 ;0 ;6 ;17.6;
147 ;0:36.90 ;2708 ;0 ;0.971 ;16.6 ;0.0 ;0.900 ;0 ;2.67 ;7.4 ;0 ;0 ;6 ;17.4;
147 ;0:37.00 ;2648 ;0 ;0.934 ;16.7 ;0.0 ;0.900 ;0 ;2.68 ;7.2 ;0 ;0 ;6 ;14.9;
147 ;0:37.10 ;2520 ;0 ;0.900 ;17.9 ;0.0 ;0.900 ;0 ;2.70 ;7.0 ;0 ;0 ;6 ;14.6;
147 ;0:37.20 ;2440 ;0 ;0.887 ;18.7 ;0.0 ;0.900 ;0 ;2.75 ;6.8 ;0 ;0 ;6 ;13.3;
147 ;0:37.30 ;2383 ;0 ;0.898 ;17.5 ;0.0 ;0.900 ;0 ;2.80 ;6.7 ;0 ;0 ;7 ;14.0;
147 ;0:37.40 ;2204 ;0 ;0.904 ;19.4 ;0.0 ;0.900 ;0 ;2.94 ;6.4 ;0 ;0 ;7 ;12.5;
147 ;0:37.50 ;2081 ;0 ;0.920 ;19.4 ;0.0 ;0.900 ;0 ;3.04 ;6.1 ;0 ;0 ;7 ;12.2;
147 ;0:37.60 ;1956 ;0 ;0.919 ;19.6 ;0.0 ;0.900 ;0 ;3.12 ;5.9 ;0 ;0 ;7 ;11.6;
147 ;0:37.70 ;1821 ;0 ;0.901 ;21.1 ;0.0 ;0.900 ;0 ;3.18 ;5.6 ;0 ;0 ;7 ;10.5;
147 ;0:37.80 ;1780 ;0 ;0.870 ;21.8 ;0.0 ;0.900 ;0 ;3.19 ;5.5 ;0 ;0 ;7 ;9.4;
147 ;0:37.90 ;1916 ;0 ;0.865 ;21.5 ;0.0 ;0.900 ;0 ;3.14 ;5.8 ;0 ;0 ;7 ;9.9;
147 ;0:38.00 ;1764 ;0 ;0.850 ;22.9 ;0.0 ;0.900 ;0 ;3.20 ;5.5 ;0 ;0 ;8 ;9.6;
147 ;0:38.10 ;1701 ;0 ;0.843 ;23.9 ;0.0 ;0.900 ;0 ;3.22 ;5.4 ;0 ;0 ;8 ;8.9;
147 ;0:38.20 ;1620 ;0 ;0.835 ;24.5 ;0.0 ;0.900 ;0 ;3.26 ;5.2 ;0 ;0 ;8 ;8.2;
147 ;0:38.30 ;1612 ;0 ;0.814 ;25.2 ;0.0 ;0.900 ;0 ;3.26 ;5.2 ;0 ;0 ;8 ;7.5;
147 ;0:38.40 ;1654 ;0 ;0.821 ;26.4 ;0.0 ;0.900 ;0 ;3.24 ;5.3 ;0 ;0 ;8 ;7.0;
147 ;0:38.50 ;1724 ;0 ;0.816 ;27.1 ;0.0 ;0.900 ;0 ;3.22 ;5.4 ;0 ;0 ;8 ;7.0;
147 ;0:38.60 ;1829 ;0 ;0.837 ;27.3 ;0.0 ;0.900 ;0 ;3.17 ;5.6 ;0 ;0 ;7 ;7.2;
147 ;0:38.70 ;2018 ;0 ;0.857 ;28.5 ;0.0 ;0.900 ;0 ;3.09 ;6.0 ;0 ;0 ;7 ;7.7;
147 ;0:38.80 ;2152 ;0 ;0.890 ;29.7 ;0.0 ;0.900 ;0 ;2.98 ;6.3 ;0 ;0 ;7 ;7.8;
147 ;0:38.90 ;2311 ;0 ;0.921 ;29.7 ;0.0 ;0.900 ;0 ;2.86 ;6.6 ;0 ;0 ;7 ;7.7;
147 ;0:39.00 ;2562 ;0 ;0.929 ;31.1 ;0.0 ;0.900 ;0 ;2.69 ;7.1 ;0 ;0 ;6 ;8.0;
147 ;0:39.10 ;2784 ;0 ;0.938 ;32.7 ;0.0 ;0.900 ;0 ;2.65 ;7.5 ;0 ;0 ;6 ;8.5;
147 ;0:39.20 ;3193 ;0 ;0.952 ;31.5 ;0.0 ;0.900 ;0 ;2.64 ;8.5 ;0 ;0 ;7 ;9.9;
147 ;0:39.30 ;3617 ;0 ;0.982 ;33.8 ;0.0 ;0.900 ;0 ;2.72 ;9.8 ;0 ;0 ;8 ;11.0;
147 ;0:39.40 ;4090 ;0 ;0.992 ;33.0 ;0.0 ;0.900 ;0 ;2.80 ;11.3 ;0 ;0 ;9 ;13.0;
147 ;0:39.50 ;4580 ;0 ;1.044 ;35.6 ;0.0 ;0.900 ;0 ;2.75 ;13.3 ;0 ;0 ;10 ;14.9;
147 ;0:39.60 ;4947 ;0 ;1.037 ;34.2 ;0.0 ;0.900 ;0 ;2.71 ;14.7 ;0 ;0 ;11 ;14.4;
147 ;0:39.70 ;4942 ;0 ;1.028 ;34.6 ;0.0 ;0.900 ;0 ;2.71 ;14.7 ;0 ;0 ;11 ;14.7;
147 ;0:39.80 ;5102 ;0 ;1.018 ;35.7 ;0.0 ;0.900 ;0 ;2.70 ;15.5 ;0 ;0 ;11 ;14.7;
147 ;0:39.90 ;5227 ;0 ;0.925 ;36.4 ;0.0 ;0.900 ;0 ;2.70 ;16.1 ;0 ;0 ;11 ;15.0;
147 ;0:40.00 ;5162 ;0 ;0.883 ;37.6 ;0.0 ;0.900 ;0 ;2.70 ;15.8 ;0 ;0 ;11 ;14.4;
147 ;0:40.10 ;5504 ;1 ;0.827 ;36.7 ;0.0 ;0.900 ;0 ;2.94 ;21.2 ;0 ;0 ;13 ;16.5;
147 ;0:40.20 ;5055 ;1 ;0.784 ;37.5 ;0.0 ;0.900 ;0 ;2.94 ;18.9 ;0 ;0 ;12 ;15.6;
147 ;0:40.30 ;5355 ;4 ;0.794 ;38.0 ;0.0 ;0.900 ;0 ;3.66 ;31.7 ;0 ;0 ;16 ;19.3;
147 ;0:40.40 ;5530 ;8 ;0.770 ;39.7 ;0.0 ;0.900 ;0 ;3.92 ;42.9 ;0 ;0 ;18 ;21.5;
147 ;0:40.50 ;5833 ;15 ;0.814 ;38.4 ;0.0 ;0.900 ;0 ;4.54 ;48.2 ;0 ;0 ;22 ;28.3;
147 ;0:40.60 ;5683 ;18 ;0.755 ;40.0 ;0.0 ;0.900 ;0 ;5.28 ;39.3 ;0 ;0 ;25 ;29.2;
147 ;0:40.70 ;5630 ;20 ;0.760 ;39.5 ;0.0 ;0.900 ;0 ;5.42 ;38.0 ;0 ;0 ;26 ;31.3;
147 ;0:40.80 ;5740 ;20 ;0.723 ;38.6 ;0.0 ;0.900 ;0 ;5.39 ;38.3 ;0 ;0 ;26 ;29.2;
147 ;0:40.90 ;5654 ;21 ;0.704 ;39.4 ;0.0 ;0.900 ;0 ;5.48 ;37.6 ;0 ;0 ;26 ;30.4;
147 ;0:41.00 ;5650 ;21 ;0.696 ;40.1 ;0.0 ;0.900 ;0 ;5.48 ;37.6 ;0 ;0 ;26 ;30.1;
147 ;0:41.10 ;5826 ;21 ;0.694 ;39.1 ;0.0 ;0.900 ;0 ;5.43 ;38.0 ;0 ;0 ;26 ;30.2;
147 ;0:41.20 ;5508 ;21 ;0.704 ;36.0 ;0.0 ;0.900 ;0 ;5.51 ;37.2 ;0 ;0 ;25 ;30.6;
147 ;0:41.30 ;5526 ;21 ;0.726 ;38.1 ;0.0 ;0.900 ;0 ;5.51 ;37.2 ;0 ;0 ;25 ;30.2;
147 ;0:41.40 ;5506 ;22 ;0.764 ;35.8 ;0.0 ;0.900 ;0 ;5.58 ;36.6 ;0 ;0 ;26 ;31.7;
147 ;0:41.50 ;5090 ;22 ;0.768 ;37.9 ;0.0 ;0.900 ;0 ;5.69 ;35.7 ;0 ;0 ;24 ;30.7;
147 ;0:41.60 ;5259 ;23 ;0.781 ;34.9 ;0.0 ;0.900 ;0 ;5.71 ;35.6 ;0 ;0 ;25 ;31.5;
147 ;0:41.70 ;5001 ;23 ;0.786 ;34.6 ;0.0 ;0.900 ;0 ;5.78 ;35.1 ;0 ;0 ;24 ;33.4;
147 ;0:41.80 ;4657 ;23 ;0.872 ;32.4 ;0.0 ;0.900 ;0 ;5.73 ;33.3 ;0 ;0 ;22 ;30.7;
147 ;0:41.90 ;5041 ;24 ;0.875 ;30.4 ;0.0 ;0.900 ;0 ;5.84 ;34.7 ;0 ;0 ;24 ;34.5;
147 ;0:42.00 ;5501 ;26 ;0.793 ;30.2 ;0.0 ;0.900 ;0 ;5.82 ;35.0 ;0 ;0 ;27 ;39.6;
147 ;0:42.10 ;5674 ;26 ;0.710 ;29.9 ;0.0 ;0.900 ;0 ;5.77 ;35.3 ;0 ;0 ;27 ;41.4;
147 ;0:42.20 ;6277 ;25 ;0.719 ;29.2 ;0.0 ;0.900 ;0 ;5.46 ;40.2 ;0 ;0 ;28 ;46.3;
147 ;0:42.30 ;5637 ;25 ;0.721 ;29.2 ;0.0 ;0.900 ;0 ;5.74 ;35.2 ;0 ;0 ;27 ;42.8;
147 ;0:42.40 ;5872 ;22 ;0.716 ;29.3 ;0.0 ;0.900 ;0 ;5.48 ;37.5 ;0 ;0 ;26 ;36.2;
147 ;0:42.50 ;5772 ;21 ;0.740 ;27.7 ;28.0 ;0.900 ;1 ;5.45 ;37.8 ;0 ;0 ;26 ;43.0;
147 ;0:42.60 ;5582 ;18 ;0.753 ;27.1 ;27.1 ;0.900 ;0 ;5.31 ;39.0 ;0 ;0 ;24 ;36.1;
147 ;0:42.70 ;5343 ;16 ;0.766 ;26.1 ;25.9 ;0.900 ;0 ;4.89 ;41.2 ;0 ;0 ;22 ;38.2;
147 ;0:42.80 ;5301 ;15 ;0.768 ;26.0 ;25.7 ;0.900 ;-1 ;4.67 ;42.2 ;0 ;0 ;20 ;35.1;
147 ;0:42.90 ;5059 ;14 ;0.791 ;26.9 ;24.5 ;0.900 ;-8 ;4.50 ;40.1 ;0 ;0 ;18 ;34.8;
147 ;0:43.00 ;4930 ;13 ;0.802 ;25.1 ;23.9 ;0.900 ;-4 ;4.27 ;39.0 ;0 ;0 ;17 ;32.3;
147 ;0:43.10 ;4744 ;13 ;0.790 ;24.3 ;23.0 ;0.900 ;-5 ;4.26 ;37.2 ;0 ;0 ;16 ;31.9;
147 ;0:43.20 ;4586 ;13 ;0.767 ;21.9 ;22.2 ;0.900 ;1 ;4.25 ;35.6 ;0 ;0 ;16 ;32.4;
147 ;0:43.30 ;4380 ;14 ;0.762 ;22.1 ;21.2 ;0.900 ;-4 ;4.47 ;33.5 ;0 ;0 ;16 ;32.7;
147 ;0:43.40 ;4264 ;13 ;0.788 ;22.6 ;20.7 ;0.900 ;-8 ;4.24 ;32.5 ;0 ;0 ;15 ;33.9;
147 ;0:43.50 ;4959 ;15 ;0.799 ;19.1 ;24.1 ;0.900 ;26 ;4.73 ;38.4 ;0 ;0 ;19 ;42.7;
147 ;0:43.60 ;4311 ;12 ;0.747 ;19.9 ;20.9 ;0.900 ;5 ;4.23 ;32.0 ;0 ;0 ;14 ;32.8;
147 ;0:43.70 ;3328 ;3 ;0.725 ;21.2 ;16.1 ;0.900 ;-24 ;3.41 ;15.1 ;0 ;0 ;9 ;18.4;
147 ;0:43.80 ;3547 ;0 ;0.691 ;20.7 ;17.2 ;0.900 ;-16 ;2.71 ;9.6 ;0 ;0 ;8 ;17.8;
147 ;0:43.90 ;5055 ;0 ;0.728 ;21.6 ;24.5 ;0.900 ;13 ;2.70 ;15.1 ;0 ;0 ;11 ;28.1;
147 ;0:44.00 ;5920 ;8 ;0.758 ;18.9 ;28.7 ;0.900 ;51 ;3.68 ;45.5 ;0 ;0 ;18 ;56.3;
147 ;0:44.10 ;6351 ;31 ;0.824 ;17.5 ;30.8 ;0.900 ;76 ;5.68 ;36.2 ;0 ;0 ;30 ;81.6;
147 ;0:44.20 ;6247 ;38 ;0.851 ;15.9 ;30.3 ;0.900 ;90 ;6.00 ;35.2 ;0 ;0 ;31 ;82.9;
147 ;0:44.30 ;6449 ;37 ;0.941 ;14.6 ;31.3 ;0.900 ;114 ;5.85 ;39.0 ;0 ;0 ;31 ;92.6;
147 ;0:44.40 ;5179 ;36 ;0.934 ;13.2 ;25.1 ;0.900 ;90 ;6.33 ;34.8 ;0 ;0 ;26 ;90.1;
147 ;0:44.50 ;4414 ;35 ;0.864 ;12.2 ;21.4 ;0.900 ;75 ;6.20 ;32.0 ;0 ;0 ;22 ;82.6;
147 ;0:44.60 ;3870 ;31 ;0.836 ;11.3 ;18.8 ;0.900 ;66 ;5.99 ;30.0 ;0 ;0 ;19 ;89.4;
147 ;0:44.70 ;4386 ;29 ;0.800 ;8.5 ;21.3 ;0.900 ;150 ;5.99 ;31.7 ;0 ;0 ;22 ;116.2;
147 ;0:44.80 ;4671 ;26 ;0.773 ;6.0 ;22.7 ;0.900 ;278 ;5.92 ;32.8 ;0 ;0 ;23 ;191.0;
147 ;0:44.90 ;5013 ;25 ;0.744 ;4.6 ;24.3 ;0.900 ;428 ;5.92 ;34.2 ;0 ;0 ;25 ;376.6;
147 ;0:45.00 ;5456 ;23 ;0.748 ;1.4 ;26.5 ;0.900 ;1792 ;5.65 ;36.0 ;0 ;0 ;26 ;0.0;
147 ;0:45.10 ;2363 ;0 ;0.902 ;1.9 ;0.0 ;0.900 ;0 ;2.81 ;6.7 ;0 ;0 ;7 ;0.0;
147 ;0:45.20 ;2335 ;0 ;0.902 ;1.9 ;0.0 ;0.900 ;0 ;2.84 ;6.6 ;0 ;0 ;7 ;0.0;
147 ;0:45.30 ;2196 ;0 ;0.898 ;1.9 ;0.0 ;0.900 ;0 ;2.95 ;6.3 ;0 ;0 ;7 ;0.0;
147 ;0:45.40 ;2055 ;0 ;0.892 ;1.9 ;0.0 ;0.900 ;0 ;3.06 ;6.1 ;0 ;0 ;7 ;0.0;
147 ;0:45.50 ;1979 ;0 ;0.902 ;1.9 ;0.0 ;0.900 ;0 ;3.11 ;5.9 ;0 ;0 ;7 ;92.0;
147 ;0:45.60 ;1961 ;0 ;0.936 ;2.5 ;0.0 ;0.900 ;0 ;3.12 ;5.9 ;0 ;0 ;7 ;92.0;
147 ;0:45.70 ;1978 ;0 ;0.948 ;3.1 ;0.0 ;0.900 ;0 ;3.11 ;5.9 ;0 ;0 ;7 ;74.1;
147 ;0:45.80 ;1894 ;0 ;0.958 ;3.5 ;0.0 ;0.900 ;0 ;3.15 ;5.7 ;0 ;0 ;7 ;65.7;
147 ;0:45.90 ;1920 ;0 ;0.950 ;3.9 ;0.0 ;0.900 ;0 ;3.14 ;5.8 ;0 ;0 ;7 ;58.9;
147 ;0:46.00 ;1789 ;0 ;0.936 ;4.4 ;0.0 ;0.900 ;0 ;3.19 ;5.5 ;0 ;0 ;7 ;50.0;
147 ;0:46.10 ;1716 ;0 ;0.932 ;4.5 ;0.0 ;0.900 ;0 ;3.22 ;5.4 ;0 ;0 ;8 ;46.6;
147 ;0:46.20 ;1730 ;0 ;0.935 ;5.3 ;0.0 ;0.900 ;0 ;3.21 ;5.4 ;0 ;0 ;8 ;39.6;
147 ;0:46.30 ;1735 ;0 ;0.923 ;5.4 ;0.0 ;0.900 ;0 ;3.21 ;5.4 ;0 ;0 ;8 ;38.8;
147 ;0:46.40 ;1762 ;0 ;0.921 ;5.9 ;0.0 ;0.900 ;0 ;3.20 ;5.5 ;0 ;0 ;8 ;33.3;
147 ;0:46.50 ;1620 ;0 ;0.888 ;5.8 ;0.0 ;0.900 ;0 ;3.26 ;5.2 ;0 ;0 ;8 ;34.4;
147 ;0:46.60 ;1629 ;0 ;0.879 ;6.3 ;0.0 ;0.900 ;0 ;3.25 ;5.2 ;0 ;0 ;8 ;31.7;
147 ;0:46.70 ;1604 ;0 ;0.861 ;7.1 ;0.0 ;0.900 ;0 ;3.26 ;5.2 ;0 ;0 ;8 ;27.9;
147 ;0:46.80 ;1546 ;0 ;0.850 ;7.0 ;0.0 ;0.900 ;0 ;3.29 ;5.0 ;0 ;0 ;8 ;27.1;
147 ;0:46.90 ;1560 ;0 ;0.837 ;7.6 ;0.0 ;0.900 ;0 ;3.28 ;5.1 ;0 ;0 ;8 ;25.0;
147 ;0:47.00 ;1310 ;0 ;0.838 ;8.1 ;0.0 ;0.900 ;0 ;3.30 ;5.0 ;0 ;0 ;8 ;20.9;
147 ;0:47.10 ;1447 ;0 ;0.830 ;8.3 ;0.0 ;0.900 ;0 ;3.30 ;5.0 ;0 ;0 ;8 ;20.7;
147 ;0:47.20 ;1572 ;0 ;0.825 ;9.1 ;0.0 ;0.900 ;0 ;3.28 ;5.1 ;0 ;0 ;8 ;22.4;
147 ;0:47.30 ;1805 ;0 ;0.832 ;9.1 ;0.0 ;0.900 ;0 ;3.18 ;5.6 ;0 ;0 ;7 ;25.2;
147 ;0:47.40 ;1959 ;0 ;0.857 ;9.0 ;0.0 ;0.900 ;0 ;3.12 ;5.9 ;0 ;0 ;7 ;23.3;
147 ;0:47.50 ;2158 ;0 ;0.874 ;9.7 ;0.0 ;0.900 ;0 ;2.98 ;6.3 ;0 ;0 ;7 ;24.7;
147 ;0:47.60 ;2488 ;0 ;0.869 ;10.0 ;0.0 ;0.900 ;0 ;2.71 ;6.9 ;0 ;0 ;6 ;23.5;
147 ;0:47.70 ;2696 ;0 ;0.833 ;10.3 ;0.0 ;0.900 ;0 ;2.67 ;7.3 ;0 ;0 ;6 ;27.1;
147 ;0:47.80 ;3001 ;0 ;0.819 ;10.5 ;0.0 ;0.900 ;0 ;2.61 ;8.0 ;0 ;0 ;6 ;28.0;
147 ;0:47.90 ;3372 ;0 ;0.850 ;10.4 ;0.0 ;0.900 ;0 ;2.68 ;9.1 ;0 ;0 ;7 ;33.6;
147 ;0:48.00 ;3843 ;0 ;0.830 ;10.7 ;0.0 ;0.900 ;0 ;2.77 ;10.5 ;0 ;0 ;8 ;39.8;
147 ;0:48.10 ;4205 ;0 ;0.801 ;10.7 ;0.0 ;0.900 ;0 ;2.78 ;11.9 ;0 ;0 ;9 ;42.8;
147 ;0:48.20 ;4629 ;0 ;0.769 ;10.9 ;0.0 ;0.900 ;0 ;2.74 ;13.5 ;0 ;0 ;10 ;45.7;
147 ;0:48.30 ;5099 ;0 ;0.757 ;10.7 ;0.0 ;0.900 ;0 ;2.70 ;15.4 ;0 ;0 ;11 ;48.1;
147 ;0:48.40 ;5328 ;1 ;0.785 ;11.8 ;0.0 ;0.900 ;0 ;2.94 ;20.3 ;0 ;0 ;13 ;57.1;
147 ;0:48.50 ;5195 ;4 ;0.833 ;12.1 ;0.0 ;0.900 ;0 ;3.66 ;30.9 ;0 ;0 ;15 ;60.8;
147 ;0:48.60 ;4914 ;4 ;0.867 ;12.1 ;0.0 ;0.900 ;0 ;3.66 ;29.3 ;0 ;0 ;15 ;60.0;
147 ;0:48.70 ;4520 ;5 ;0.848 ;11.9 ;0.0 ;0.900 ;0 ;3.80 ;27.1 ;0 ;0 ;14 ;52.5;
147 ;0:48.80 ;4030 ;6 ;0.866 ;11.6 ;0.0 ;0.900 ;0 ;3.94 ;23.7 ;0 ;0 ;13 ;47.1;
147 ;0:48.90 ;3528 ;6 ;0.890 ;11.1 ;0.0 ;0.900 ;0 ;3.94 ;20.8 ;0 ;0 ;11 ;40.1;
147 ;0:49.00 ;3293 ;6 ;0.901 ;12.8 ;0.0 ;0.900 ;0 ;3.94 ;19.5 ;0 ;0 ;10 ;41.3;
147 ;0:49.10 ;3088 ;6 ;0.895 ;11.1 ;0.0 ;0.900 ;0 ;3.94 ;18.4 ;0 ;0 ;10 ;38.7;
147 ;0:49.20 ;2836 ;6 ;0.889 ;11.2 ;0.0 ;0.900 ;0 ;3.94 ;17.3 ;0 ;0 ;9 ;34.2;
147 ;0:49.30 ;2702 ;3 ;0.885 ;11.0 ;0.0 ;0.900 ;0 ;3.41 ;11.7 ;0 ;0 ;8 ;30.0;
147 ;0:49.40 ;2763 ;1 ;0.886 ;11.8 ;0.0 ;0.900 ;0 ;2.91 ;9.0 ;0 ;0 ;7 ;28.1;
147 ;0:49.50 ;2814 ;1 ;0.868 ;11.8 ;0.0 ;0.900 ;0 ;2.90 ;9.1 ;0 ;0 ;7 ;26.3;
147 ;0:49.60 ;2828 ;1 ;0.865 ;10.7 ;0.0 ;0.900 ;0 ;2.90 ;9.1 ;0 ;0 ;7 ;26.5;
147 ;0:49.70 ;2864 ;0 ;0.870 ;11.4 ;0.0 ;0.900 ;0 ;2.64 ;7.7 ;0 ;0 ;6 ;24.3;
147 ;0:49.80 ;3008 ;0 ;0.856 ;11.7 ;0.0 ;0.900 ;0 ;2.61 ;8.0 ;0 ;0 ;6 ;25.2;
147 ;0:49.90 ;3025 ;0 ;0.852 ;11.3 ;0.0 ;0.900 ;0 ;2.61 ;8.0 ;0 ;0 ;6 ;25.0;
147 ;0:50.00 ;3020 ;0 ;0.857 ;11.8 ;0.0 ;0.900 ;0 ;2.61 ;8.0 ;0 ;0 ;6 ;22.9;
147 ;0:50.10 ;3058 ;0 ;0.866 ;11.8 ;0.0 ;0.900 ;0 ;2.62 ;8.1 ;0 ;0 ;6 ;26.2;
147 ;0:50.20 ;3151 ;0 ;0.863 ;12.1 ;0.0 ;0.900 ;0 ;2.63 ;8.4 ;0 ;0 ;6 ;24.6;
147 ;0:50.30 ;3182 ;0 ;0.864 ;12.1 ;0.0 ;0.900 ;0 ;2.64 ;8.5 ;0 ;0 ;7 ;25.4;
147 ;0:50.40 ;3231 ;0 ;0.870 ;12.2 ;0.0 ;0.900 ;0 ;2.65 ;8.6 ;0 ;0 ;7 ;23.7;
147 ;0:50.50 ;3236 ;0 ;0.888 ;13.1 ;0.0 ;0.900 ;0 ;2.65 ;8.7 ;0 ;0 ;7 ;25.1;
147 ;0:50.60 ;3179 ;0 ;0.941 ;12.5 ;0.0 ;0.900 ;0 ;2.64 ;8.5 ;0 ;0 ;7 ;23.8;
147 ;0:50.70 ;3196 ;0 ;0.954 ;13.4 ;0.0 ;0.900 ;0 ;2.64 ;8.5 ;0 ;0 ;7 ;23.3;
147 ;0:50.80 ;3119 ;0 ;0.974 ;12.9 ;0.0 ;0.900 ;0 ;2.63 ;8.3 ;0 ;0 ;6 ;22.9;
147 ;0:50.90 ;3055 ;0 ;0.966 ;13.6 ;0.0 ;0.900 ;0 ;2.62 ;8.1 ;0 ;0 ;6 ;21.4;
147 ;0:51.00 ;2967 ;0 ;0.968 ;13.6 ;0.0 ;0.900 ;0 ;2.62 ;7.9 ;0 ;0 ;6 ;21.6;
147 ;0:51.10 ;2865 ;0 ;0.968 ;13.8 ;0.0 ;0.900 ;0 ;2.64 ;7.7 ;0 ;0 ;6 ;20.8;
147 ;0:51.20 ;2903 ;0 ;0.962 ;13.7 ;0.0 ;0.900 ;0 ;2.63 ;7.8 ;0 ;0 ;6 ;20.5;
147 ;0:51.30 ;2911 ;0 ;0.962 ;14.3 ;0.0 ;0.900 ;0 ;2.63 ;7.8 ;0 ;0 ;6 ;19.1;
147 ;0:51.40 ;2851 ;0 ;0.980 ;13.8 ;0.0 ;0.900 ;0 ;2.64 ;7.7 ;0 ;0 ;6 ;20.2;
147 ;0:51.50 ;2779 ;0 ;0.983 ;14.6 ;0.0 ;0.900 ;0 ;2.65 ;7.5 ;0 ;0 ;6 ;18.9;
147 ;0:51.60 ;2737 ;0 ;0.981 ;15.3 ;0.0 ;0.900 ;0 ;2.66 ;7.4 ;0 ;0 ;6 ;19.4;
147 ;0:51.70 ;2744 ;0 ;0.959 ;15.2 ;0.0 ;0.900 ;0 ;2.66 ;7.4 ;0 ;0 ;6 ;18.0;
147 ;0:51.80 ;2693 ;0 ;0.947 ;14.8 ;0.0 ;0.900 ;0 ;2.67 ;7.3 ;0 ;0 ;6 ;16.5;
147 ;0:51.90 ;2629 ;0 ;0.929 ;15.5 ;0.0 ;0.900 ;0 ;2.68 ;7.2 ;0 ;0 ;6 ;15.6;
147 ;0:52.00 ;2566 ;0 ;0.937 ;15.9 ;0.0 ;0.900 ;0 ;2.69 ;7.1 ;0 ;0 ;6 ;16.7;
147 ;0:52.10 ;2553 ;0 ;0.925 ;16.6 ;0.0 ;0.900 ;0 ;2.70 ;7.1 ;0 ;0 ;6 ;14.6;
147 ;0:52.20 ;2569 ;0 ;0.911 ;16.1 ;0.0 ;0.900 ;0 ;2.69 ;7.1 ;0 ;0 ;6 ;15.8;
147 ;0:52.30 ;2584 ;0 ;0.920 ;16.9 ;0.0 ;0.900 ;0 ;2.69 ;7.1 ;0 ;0 ;6 ;15.2;
147 ;0:52.40 ;2590 ;0 ;0.929 ;16.8 ;0.0 ;0.900 ;0 ;2.69 ;7.1 ;0 ;0 ;6 ;14.6;
147 ;0:52.50 ;2508 ;0 ;0.965 ;17.7 ;0.0 ;0.900 ;0 ;2.70 ;7.0 ;0 ;0 ;6 ;14.1;
147 ;0:52.60 ;2525 ;0 ;0.955 ;17.9 ;0.0 ;0.900 ;0 ;2.70 ;7.0 ;0 ;0 ;6 ;14.6;
147 ;0:52.70 ;2630 ;0 ;0.926 ;17.6 ;0.0 ;0.900 ;0 ;2.68 ;7.2 ;0 ;0 ;6 ;14.2;
147 ;0:52.80 ;2678 ;0 ;0.881 ;17.4 ;0.0 ;0.900 ;0 ;2.67 ;7.3 ;0 ;0 ;6 ;14.3;
147 ;0:52.90 ;2710 ;0 ;0.857 ;17.1 ;0.0 ;0.900 ;0 ;2.67 ;7.4 ;0 ;0 ;6 ;13.6;
147 ;0:53.00 ;2792 ;0 ;0.850 ;18.1 ;0.0 ;0.900 ;0 ;2.65 ;7.5 ;0 ;0 ;6 ;15.6;
147 ;0:53.10 ;2782 ;0 ;0.839 ;19.1 ;0.0 ;0.900 ;0 ;2.65 ;7.5 ;0 ;0 ;6 ;15.2;
147 ;0:53.20 ;2632 ;0 ;0.840 ;18.0 ;0.0 ;0.900 ;0 ;2.68 ;7.2 ;0 ;0 ;6 ;15.6;
147 ;0:53.30 ;2684 ;0 ;0.824 ;18.0 ;0.0 ;0.900 ;0 ;2.67 ;7.3 ;0 ;0 ;6 ;15.2;
147 ;0:53.40 ;2775 ;0 ;0.819 ;18.0 ;0.0 ;0.900 ;0 ;2.66 ;7.5 ;0 ;0 ;6 ;14.5;
147 ;0:53.50 ;2772 ;0 ;0.817 ;17.0 ;0.0 ;0.900 ;0 ;2.66 ;7.5 ;0 ;0 ;6 ;14.4;
147 ;0:53.60 ;2771 ;0 ;0.826 ;18.9 ;0.0 ;0.900 ;0 ;2.66 ;7.5 ;0 ;0 ;6 ;14.1;
147 ;0:53.70 ;2928 ;0 ;0.842 ;19.9 ;0.0 ;0.900 ;0 ;2.63 ;7.8 ;0 ;0 ;6 ;14.5;
147 ;0:53.80 ;3183 ;0 ;0.799 ;19.0 ;0.0 ;0.900 ;0 ;2.64 ;8.5 ;0 ;0 ;7 ;15.8;
147 ;0:53.90 ;3287 ;0 ;0.779 ;20.3 ;0.0 ;0.900 ;0 ;2.66 ;8.8 ;0 ;0 ;7 ;16.2;
147 ;0:54.00 ;3621 ;0 ;0.767 ;21.3 ;0.0 ;0.900 ;0 ;2.72 ;9.8 ;0 ;0 ;8 ;18.1;
147 ;0:54.10 ;4019 ;0 ;0.762 ;21.5 ;0.0 ;0.900 ;0 ;2.80 ;11.0 ;0 ;0 ;9 ;20.7;
147 ;0:54.20 ;4204 ;0 ;0.763 ;22.0 ;0.0 ;0.900 ;0 ;2.78 ;11.8 ;0 ;0 ;9 ;20.1;
147 ;0:54.30 ;4282 ;1 ;0.746 ;22.1 ;0.0 ;0.900 ;0 ;3.00 ;15.1 ;0 ;0 ;10 ;24.2;
147 ;0:54.40 ;4311 ;3 ;0.753 ;22.1 ;0.0 ;0.900 ;0 ;3.43 ;21.3 ;0 ;0 ;12 ;26.4;
147 ;0:54.50 ;4374 ;4 ;0.747 ;22.2 ;0.0 ;0.900 ;0 ;3.66 ;24.9 ;0 ;0 ;13 ;28.1;
147 ;0:54.60 ;4421 ;4 ;0.745 ;21.8 ;0.0 ;0.900 ;0 ;3.66 ;25.3 ;0 ;0 ;13 ;26.8;
147 ;0:54.70 ;4402 ;4 ;0.749 ;22.5 ;0.0 ;0.900 ;0 ;3.66 ;25.1 ;0 ;0 ;13 ;27.9;
147 ;0:54.80 ;4522 ;5 ;0.749 ;22.1 ;0.0 ;0.900 ;0 ;3.80 ;27.1 ;0 ;0 ;14 ;28.0;
147 ;0:54.90 ;4469 ;6 ;0.753 ;22.9 ;0.0 ;0.900 ;0 ;3.94 ;27.6 ;0 ;0 ;14 ;29.2;
147 ;0:55.00 ;4354 ;6 ;0.751 ;22.7 ;0.0 ;0.900 ;0 ;3.94 ;26.6 ;0 ;0 ;14 ;30.0;
147 ;0:55.10 ;4412 ;6 ;0.744 ;23.1 ;0.0 ;0.900 ;0 ;3.94 ;27.1 ;0 ;0 ;14 ;30.8;
147 ;0:55.20 ;4388 ;6 ;0.742 ;21.9 ;0.0 ;0.900 ;0 ;3.94 ;26.9 ;0 ;0 ;14 ;30.2;
147 ;0:55.30 ;4399 ;6 ;0.747 ;22.4 ;0.0 ;0.900 ;0 ;3.94 ;27.0 ;0 ;0 ;14 ;28.0;
147 ;0:55.40 ;4542 ;6 ;0.752 ;22.3 ;0.0 ;0.900 ;0 ;3.94 ;28.3 ;0 ;0 ;15 ;29.4;
147 ;0:55.50 ;4393 ;6 ;0.755 ;22.3 ;0.0 ;0.900 ;0 ;3.94 ;27.0 ;0 ;0 ;14 ;28.2;
147 ;0:55.60 ;4291 ;6 ;0.760 ;23.9 ;0.0 ;0.900 ;0 ;3.94 ;26.1 ;0 ;0 ;14 ;28.0;
147 ;0:55.70 ;4609 ;6 ;0.763 ;22.4 ;0.0 ;0.900 ;0 ;3.94 ;28.9 ;0 ;0 ;15 ;31.7;
147 ;0:55.80 ;4583 ;6 ;0.763 ;22.6 ;0.0 ;0.900 ;0 ;3.94 ;28.7 ;0 ;0 ;15 ;29.3;
147 ;0:55.90 ;4568 ;5 ;0.790 ;23.0 ;0.0 ;0.900 ;0 ;3.80 ;27.5 ;0 ;0 ;14 ;29.2;
147 ;0:56.00 ;4601 ;5 ;0.887 ;22.0 ;0.0 ;0.900 ;0 ;3.80 ;27.8 ;0 ;0 ;14 ;28.9;
147 ;0:56.10 ;4587 ;5 ;0.908 ;22.3 ;0.0 ;0.900 ;0 ;3.80 ;27.6 ;0 ;0 ;14 ;29.4;
147 ;0:56.20 ;4645 ;5 ;0.895 ;23.4 ;0.0 ;0.900 ;0 ;3.80 ;28.1 ;0 ;0 ;14 ;28.0;
147 ;0:56.30 ;4815 ;4 ;0.901 ;24.0 ;0.0 ;0.900 ;0 ;3.66 ;28.5 ;0 ;0 ;14 ;28.0;
147 ;0:56.40 ;4838 ;2 ;0.907 ;26.5 ;0.0 ;0.900 ;0 ;3.19 ;21.5 ;0 ;0 ;12 ;24.5;
147 ;0:56.50 ;4984 ;2 ;0.942 ;25.0 ;0.0 ;0.900 ;0 ;3.18 ;22.3 ;0 ;0 ;13 ;23.6;
147 ;0:56.60 ;5139 ;2 ;0.941 ;26.6 ;0.0 ;0.900 ;0 ;3.18 ;23.1 ;0 ;0 ;13 ;23.8;
147 ;0:56.70 ;5203 ;2 ;0.950 ;25.9 ;0.0 ;0.900 ;0 ;3.18 ;23.5 ;0 ;0 ;13 ;24.2;
147 ;0:56.80 ;5405 ;2 ;0.980 ;27.3 ;0.0 ;0.900 ;0 ;3.18 ;24.5 ;0 ;0 ;14 ;24.3;
147 ;0:56.90 ;5504 ;3 ;1.009 ;26.3 ;0.0 ;0.900 ;0 ;3.42 ;28.7 ;0 ;0 ;15 ;25.5;
147 ;0:57.00 ;5685 ;3 ;1.045 ;28.3 ;0.0 ;0.900 ;0 ;3.42 ;29.6 ;0 ;0 ;16 ;27.4;
147 ;0:57.10 ;5749 ;4 ;1.008 ;31.4 ;0.0 ;0.900 ;0 ;3.66 ;33.7 ;0 ;0 ;17 ;27.8;
147 ;0:57.20 ;5956 ;5 ;0.974 ;30.0 ;0.0 ;0.900 ;0 ;3.66 ;38.3 ;0 ;0 ;18 ;27.3;
147 ;0:57.30 ;6083 ;5 ;0.908 ;30.2 ;0.0 ;0.900 ;0 ;3.65 ;38.8 ;0 ;0 ;18 ;27.6;
147 ;0:57.40 ;6200 ;6 ;0.878 ;32.4 ;0.0 ;0.900 ;0 ;3.60 ;43.1 ;0 ;0 ;18 ;26.6;
147 ;0:57.50 ;6349 ;7 ;0.884 ;35.5 ;0.0 ;0.900 ;0 ;3.51 ;47.7 ;0 ;0 ;18 ;25.2;
147 ;0:57.60 ;6696 ;9 ;0.827 ;34.5 ;0.0 ;0.900 ;0 ;3.39 ;54.5 ;0 ;0 ;19 ;24.5;
147 ;0:57.70 ;6478 ;9 ;0.796 ;32.9 ;0.0 ;0.900 ;0 ;3.50 ;53.5 ;0 ;0 ;19 ;25.1;
147 ;0:57.80 ;6718 ;9 ;0.791 ;37.5 ;0.0 ;0.900 ;0 ;3.39 ;54.6 ;0 ;0 ;19 ;24.0;
147 ;0:57.90 ;6934 ;11 ;0.783 ;34.8 ;0.0 ;0.900 ;0 ;3.52 ;55.8 ;0 ;0 ;20 ;28.1;
147 ;0:58.00 ;6988 ;12 ;0.783 ;35.8 ;0.0 ;0.900 ;0 ;3.63 ;56.1 ;0 ;0 ;21 ;27.1;
147 ;0:58.10 ;6978 ;14 ;0.805 ;34.7 ;0.0 ;0.900 ;0 ;3.90 ;55.3 ;0 ;0 ;23 ;28.1;
147 ;0:58.20 ;7129 ;15 ;0.776 ;34.7 ;0.0 ;0.900 ;0 ;4.08 ;55.1 ;0 ;0 ;24 ;29.7;
147 ;0:58.30 ;7104 ;16 ;0.835 ;37.4 ;0.0 ;0.900 ;0 ;4.23 ;54.5 ;0 ;0 ;25 ;30.6;
147 ;0:58.40 ;7203 ;17 ;0.866 ;35.8 ;0.0 ;0.900 ;0 ;4.44 ;54.3 ;0 ;0 ;27 ;34.2;
147 ;0:58.50 ;7405 ;19 ;1.011 ;34.9 ;0.0 ;0.900 ;0 ;4.79 ;54.6 ;0 ;0 ;29 ;39.3;
147 ;0:58.60 ;7355 ;19 ;0.912 ;37.4 ;0.0 ;0.900 ;0 ;4.76 ;54.4 ;0 ;0 ;29 ;35.0;
147 ;0:58.70 ;7594 ;19 ;0.832 ;38.4 ;0.0 ;0.900 ;0 ;4.90 ;55.6 ;0 ;0 ;31 ;35.1;
147 ;0:58.80 ;7533 ;19 ;0.826 ;41.0 ;0.0 ;0.900 ;0 ;4.86 ;55.3 ;0 ;0 ;30 ;36.7;
147 ;0:58.90 ;7653 ;20 ;0.780 ;39.0 ;0.0 ;0.900 ;0 ;5.00 ;55.6 ;0 ;0 ;32 ;34.1;
147 ;0:59.00 ;7731 ;24 ;0.746 ;37.2 ;0.0 ;0.900 ;0 ;5.30 ;54.8 ;0 ;0 ;34 ;40.0;
147 ;0:59.10 ;8071 ;29 ;0.762 ;40.3 ;0.0 ;0.900 ;0 ;5.66 ;55.8 ;0 ;0 ;38 ;43.0;
147 ;0:59.20 ;7975 ;31 ;0.724 ;39.8 ;0.0 ;0.900 ;0 ;5.73 ;56.6 ;0 ;0 ;38 ;43.5;
147 ;0:59.30 ;7874 ;32 ;0.682 ;39.6 ;0.0 ;0.900 ;0 ;5.73 ;55.7 ;0 ;0 ;38 ;44.9;
147 ;0:59.40 ;7858 ;32 ;0.697 ;36.8 ;0.0 ;0.900 ;0 ;5.72 ;55.5 ;0 ;0 ;37 ;43.0;
147 ;0:59.50 ;7662 ;32 ;0.693 ;41.3 ;0.0 ;0.900 ;0 ;5.64 ;53.4 ;0 ;0 ;36 ;42.3;
147 ;0:59.60 ;7572 ;33 ;0.692 ;36.1 ;0.0 ;0.900 ;0 ;5.65 ;52.1 ;0 ;0 ;35 ;40.3;
147 ;0:59.70 ;7381 ;36 ;0.687 ;33.6 ;0.0 ;0.900 ;0 ;5.65 ;49.4 ;0 ;0 ;35 ;45.3;
147 ;0:59.80 ;6949 ;38 ;0.694 ;34.5 ;0.0 ;0.900 ;0 ;5.60 ;44.4 ;0 ;0 ;32 ;40.7;
147 ;0:59.90 ;6749 ;40 ;0.695 ;33.8 ;0.0 ;0.900 ;0 ;5.78 ;42.3 ;0 ;0 ;32 ;45.8;
147 ;1:00.00 ;6667 ;40 ;0.750 ;31.6 ;0.0 ;0.900 ;0 ;5.83 ;41.5 ;0 ;0 ;32 ;46.1;
147 ;1:00.10 ;6220 ;39 ;0.741 ;31.8 ;0.0 ;0.900 ;0 ;6.02 ;37.7 ;0 ;0 ;31 ;44.6;
147 ;1:00.20 ;6483 ;36 ;0.738 ;31.5 ;0.0 ;0.900 ;0 ;5.79 ;39.8 ;0 ;0 ;31 ;44.3;
147 ;1:00.30 ;5885 ;34 ;0.728 ;29.4 ;0.0 ;0.900 ;0 ;6.03 ;35.0 ;0 ;0 ;30 ;45.8;
147 ;1:00.40 ;5822 ;32 ;0.712 ;28.6 ;0.0 ;0.900 ;0 ;5.97 ;35.1 ;0 ;0 ;29 ;42.9;
147 ;1:00.50 ;6046 ;31 ;0.731 ;27.3 ;0.0 ;0.900 ;0 ;5.82 ;36.2 ;0 ;0 ;30 ;46.6;
147 ;1:00.60 ;5283 ;27 ;0.748 ;28.3 ;0.0 ;0.900 ;0 ;5.93 ;34.7 ;0 ;0 ;26 ;44.6;
147 ;1:00.70 ;5839 ;23 ;0.777 ;27.5 ;28.3 ;0.900 ;2 ;5.55 ;36.8 ;0 ;0 ;27 ;42.3;
147 ;1:00.80 ;5166 ;20 ;0.692 ;27.3 ;25.1 ;0.900 ;-8 ;5.53 ;36.8 ;0 ;0 ;24 ;37.4;
147 ;1:00.90 ;5912 ;20 ;0.755 ;27.9 ;28.7 ;0.900 ;2 ;5.35 ;38.8 ;0 ;0 ;26 ;43.0;
147 ;1:01.00 ;5296 ;20 ;0.698 ;26.5 ;25.7 ;0.900 ;-3 ;5.50 ;37.2 ;0 ;0 ;23 ;35.0;
147 ;1:01.10 ;5398 ;19 ;0.707 ;26.8 ;26.2 ;0.900 ;-2 ;5.41 ;37.9 ;0 ;0 ;24 ;43.5;
147 ;1:01.20 ;5247 ;19 ;0.698 ;26.4 ;25.5 ;0.900 ;-3 ;5.44 ;37.5 ;0 ;0 ;24 ;41.0;
147 ;1:01.30 ;5152 ;19 ;0.713 ;24.2 ;25.0 ;0.900 ;3 ;5.46 ;37.2 ;0 ;0 ;23 ;43.0;
147 ;1:01.40 ;5096 ;19 ;0.741 ;24.9 ;24.7 ;0.900 ;0 ;5.48 ;37.0 ;0 ;0 ;23 ;40.8;
147 ;1:01.50 ;4736 ;19 ;0.765 ;26.0 ;23.0 ;0.900 ;-11 ;5.47 ;34.9 ;0 ;0 ;21 ;45.5;
147 ;1:01.60 ;4797 ;20 ;0.787 ;22.1 ;23.3 ;0.900 ;5 ;5.54 ;35.1 ;0 ;0 ;21 ;43.1;
147 ;1:01.70 ;4294 ;20 ;0.723 ;22.2 ;20.8 ;0.900 ;-6 ;5.51 ;31.9 ;0 ;0 ;20 ;40.1;
147 ;1:01.80 ;4485 ;19 ;0.703 ;21.1 ;21.8 ;0.900 ;3 ;5.46 ;33.2 ;0 ;0 ;20 ;41.5;
147 ;1:01.90 ;5189 ;21 ;0.694 ;19.5 ;25.2 ;0.900 ;29 ;5.59 ;36.4 ;0 ;0 ;24 ;56.7;
147 ;1:02.00 ;5578 ;22 ;0.687 ;17.3 ;27.1 ;0.900 ;56 ;5.56 ;36.8 ;0 ;0 ;26 ;67.2;
147 ;1:02.10 ;5602 ;23 ;0.694 ;16.5 ;27.2 ;0.900 ;64 ;5.62 ;36.3 ;0 ;0 ;26 ;82.7;
147 ;1:02.20 ;5553 ;27 ;0.701 ;14.7 ;26.9 ;0.900 ;82 ;5.84 ;35.1 ;0 ;0 ;27 ;87.7;
147 ;1:02.30 ;5740 ;28 ;0.750 ;13.8 ;27.9 ;0.900 ;102 ;5.83 ;35.3 ;0 ;0 ;28 ;98.4;
147 ;1:02.40 ;5445 ;28 ;0.712 ;12.1 ;26.4 ;0.900 ;118 ;5.93 ;34.9 ;0 ;0 ;27 ;103.3;
147 ;1:02.50 ;5540 ;28 ;0.713 ;11.1 ;26.9 ;0.900 ;142 ;5.90 ;35.1 ;0 ;0 ;27 ;116.5;
147 ;1:02.60 ;6093 ;28 ;0.708 ;10.2 ;29.6 ;0.900 ;190 ;5.70 ;36.8 ;0 ;0 ;29 ;128.2;
147 ;1:02.70 ;5445 ;26 ;0.704 ;8.7 ;26.4 ;0.900 ;203 ;5.84 ;34.9 ;0 ;0 ;26 ;122.5;
147 ;1:02.80 ;5230 ;26 ;0.708 ;8.3 ;25.4 ;0.900 ;206 ;5.90 ;34.5 ;0 ;0 ;26 ;145.6;
147 ;1:02.90 ;5526 ;26 ;0.701 ;6.8 ;26.8 ;0.900 ;294 ;5.81 ;35.0 ;0 ;0 ;26 ;214.0;
147 ;1:03.00 ;5671 ;25 ;0.709 ;5.5 ;27.5 ;0.900 ;400 ;5.73 ;35.3 ;0 ;0 ;27 ;279.5;
147 ;1:03.10 ;5740 ;25 ;0.714 ;3.3 ;27.9 ;0.900 ;745 ;5.71 ;35.4 ;0 ;0 ;27 ;378.7;
147 ;1:03.20 ;5783 ;25 ;0.715 ;2.6 ;28.1 ;0.900 ;980 ;5.70 ;35.5 ;0 ;0 ;27 ;0.0;
147 ;1:03.30 ;540 ;0 ;0.931 ;4.5 ;0.0 ;0.900 ;0 ;3.30 ;5.0 ;0 ;0 ;8 ;13.3;
147 ;1:03.40 ;540 ;0 ;0.930 ;4.7 ;0.0 ;0.900 ;0 ;3.30 ;5.0 ;0 ;0 ;8 ;11.7;
147 ;1:03.50 ;540 ;0 ;0.930 ;5.4 ;0.0 ;0.900 ;0 ;3.30 ;5.0 ;0 ;0 ;8 ;11.1;
147 ;1:03.60 ;780 ;0 ;0.935 ;6.2 ;0.0 ;0.900 ;0 ;3.30 ;5.0 ;0 ;0 ;8 ;14.5;
147 ;1:03.70 ;654 ;0 ;0.934 ;6.5 ;0.0 ;0.900 ;0 ;3.30 ;5.0 ;0 ;0 ;8 ;12.3;
147 ;1:03.80 ;971 ;0 ;0.945 ;6.9 ;0.0 ;0.900 ;0 ;3.30 ;5.0 ;0 ;0 ;8 ;17.5;
147 ;1:03.90 ;1186 ;0 ;0.930 ;7.8 ;0.0 ;0.900 ;0 ;3.30 ;5.0 ;0 ;0 ;8 ;20.5;
147 ;1:04.00 ;1650 ;0 ;0.920 ;7.8 ;0.0 ;0.900 ;0 ;3.24 ;5.3 ;0 ;0 ;8 ;24.6;
147 ;1:04.10 ;2068 ;0 ;0.915 ;8.3 ;0.0 ;0.900 ;0 ;3.05 ;6.1 ;0 ;0 ;7 ;28.9;
147 ;1:04.20 ;2462 ;0 ;0.915 ;8.7 ;0.0 ;0.900 ;0 ;2.74 ;6.9 ;0 ;0 ;6 ;29.8;
147 ;1:04.30 ;2935 ;0 ;0.908 ;8.9 ;0.0 ;0.900 ;0 ;2.63 ;7.8 ;0 ;0 ;6 ;32.5;
147 ;1:04.40 ;3479 ;0 ;0.872 ;8.9 ;0.0 ;0.900 ;0 ;2.70 ;9.5 ;0 ;0 ;8 ;37.7;
147 ;1:04.50 ;4048 ;0 ;0.840 ;9.7 ;0.0 ;0.900 ;0 ;2.80 ;11.1 ;0 ;0 ;9 ;43.0;
147 ;1:04.60 ;4601 ;0 ;0.757 ;10.3 ;0.0 ;0.900 ;0 ;2.74 ;13.4 ;0 ;0 ;10 ;47.0;
147 ;1:04.70 ;5127 ;0 ;0.716 ;11.0 ;0.0 ;0.900 ;0 ;2.70 ;15.6 ;0 ;0 ;11 ;46.9;
147 ;1:04.80 ;5573 ;1 ;0.726 ;11.2 ;0.0 ;0.900 ;0 ;2.94 ;21.5 ;0 ;0 ;13 ;68.7;
147 ;1:04.90 ;5249 ;8 ;0.726 ;12.1 ;0.0 ;0.900 ;0 ;4.09 ;38.7 ;0 ;0 ;18 ;66.3;
147 ;1:05.00 ;4939 ;11 ;0.737 ;12.4 ;0.0 ;0.900 ;0 ;4.25 ;37.1 ;0 ;0 ;17 ;63.7;
147 ;1:05.10 ;4675 ;11 ;0.722 ;12.9 ;0.0 ;0.900 ;0 ;4.24 ;34.5 ;0 ;0 ;16 ;58.1;
147 ;1:05.20 ;4947 ;11 ;0.708 ;12.6 ;0.0 ;0.900 ;0 ;4.25 ;37.2 ;0 ;0 ;17 ;64.2;
147 ;1:05.30 ;5196 ;11 ;0.702 ;11.8 ;0.0 ;0.900 ;0 ;4.19 ;40.9 ;0 ;0 ;18 ;70.6;
147 ;1:05.40 ;5441 ;12 ;0.704 ;11.3 ;0.0 ;0.900 ;0 ;4.13 ;46.0 ;0 ;0 ;18 ;77.2;
147 ;1:05.50 ;5504 ;12 ;0.712 ;10.7 ;0.0 ;0.900 ;0 ;4.11 ;47.0 ;0 ;0 ;19 ;81.7;
147 ;1:05.60 ;5400 ;12 ;0.710 ;10.6 ;0.0 ;0.900 ;0 ;4.14 ;45.4 ;0 ;0 ;18 ;75.6;
147 ;1:05.70 ;5391 ;12 ;0.701 ;10.1 ;0.0 ;0.900 ;0 ;4.15 ;45.2 ;0 ;0 ;18 ;83.1;
147 ;1:05.80 ;5460 ;12 ;0.702 ;9.3 ;0.0 ;0.900 ;0 ;4.12 ;46.3 ;0 ;0 ;19 ;91.3;
147 ;1:05.90 ;5529 ;12 ;0.710 ;9.1 ;0.0 ;0.900 ;0 ;4.10 ;47.4 ;0 ;0 ;18 ;95.5;
147 ;1:06.00 ;5521 ;12 ;0.712 ;8.9 ;0.0 ;0.900 ;0 ;4.10 ;47.3 ;0 ;0 ;19 ;103.6;
147 ;1:06.10 ;5573 ;12 ;0.711 ;8.3 ;0.0 ;0.900 ;0 ;4.09 ;48.2 ;0 ;0 ;19 ;103.6;
147 ;1:06.20 ;5711 ;12 ;0.710 ;7.1 ;0.0 ;0.900 ;0 ;4.03 ;51.0 ;0 ;0 ;19 ;123.9;
147 ;1:06.30 ;5692 ;12 ;0.716 ;7.1 ;0.0 ;0.900 ;0 ;4.05 ;50.1 ;0 ;0 ;19 ;124.2;
147 ;1:06.40 ;5461 ;12 ;0.755 ;6.9 ;0.0 ;0.900 ;0 ;4.12 ;46.3 ;0 ;0 ;18 ;121.7;
147 ;1:06.50 ;5355 ;12 ;0.712 ;6.5 ;0.0 ;0.900 ;0 ;4.16 ;44.6 ;0 ;0 ;18 ;129.2;
147 ;1:06.60 ;5706 ;12 ;0.705 ;6.3 ;0.0 ;0.900 ;0 ;4.05 ;50.4 ;0 ;0 ;19 ;157.1;
147 ;1:06.70 ;5821 ;12 ;0.728 ;6.1 ;0.0 ;0.900 ;0 ;4.01 ;52.3 ;0 ;0 ;19 ;157.1;
147 ;1:06.80 ;5557 ;12 ;0.730 ;5.3 ;0.0 ;0.900 ;0 ;4.10 ;47.9 ;0 ;0 ;19 ;151.7;
147 ;1:06.90 ;5471 ;12 ;0.700 ;5.0 ;0.0 ;0.900 ;0 ;4.12 ;46.5 ;0 ;0 ;19 ;172.0;
147 ;1:07.00 ;5914 ;12 ;0.727 ;4.3 ;0.0 ;0.900 ;0 ;3.98 ;53.9 ;0 ;0 ;19 ;206.9;
147 ;1:07.10 ;5737 ;12 ;0.740 ;4.7 ;0.0 ;0.900 ;0 ;4.03 ;50.9 ;0 ;0 ;19 ;197.7;
147 ;1:07.20 ;5676 ;12 ;0.719 ;4.2 ;0.0 ;0.900 ;0 ;4.06 ;49.9 ;0 ;0 ;19 ;204.7;
147 ;1:07.30 ;5771 ;12 ;0.711 ;4.1 ;0.0 ;0.900 ;0 ;4.02 ;51.5 ;0 ;0 ;19 ;225.6;
147 ;1:07.40 ;5909 ;12 ;0.762 ;3.7 ;0.0 ;0.900 ;0 ;3.98 ;53.8 ;0 ;0 ;19 ;240.5;
147 ;1:07.50 ;5620 ;12 ;0.772 ;3.7 ;0.0 ;0.900 ;0 ;4.07 ;49.0 ;0 ;0 ;19 ;232.4;
147 ;1:07.60 ;5578 ;12 ;0.740 ;3.7 ;0.0 ;0.900 ;0 ;4.09 ;48.3 ;0 ;0 ;19 ;248.5;
147 ;1:07.70 ;5861 ;12 ;0.718 ;3.5 ;0.0 ;0.900 ;0 ;4.00 ;53.0 ;0 ;0 ;19 ;254.2;
147 ;1:07.80 ;6025 ;12 ;0.751 ;3.7 ;0.0 ;0.900 ;0 ;3.94 ;55.3 ;0 ;0 ;19 ;243.2;
147 ;1:07.90 ;5690 ;12 ;0.832 ;3.5 ;0.0 ;0.900 ;0 ;4.05 ;50.1 ;0 ;0 ;19 ;245.7;
147 ;1:08.00 ;5565 ;12 ;0.835 ;3.8 ;0.0 ;0.900 ;0 ;4.09 ;48.1 ;0 ;0 ;19 ;226.3;
147 ;1:08.10 ;5735 ;12 ;0.858 ;3.9 ;0.0 ;0.900 ;0 ;4.03 ;50.8 ;0 ;0 ;19 ;225.6;
147 ;1:08.20 ;6177 ;12 ;0.853 ;3.9 ;0.0 ;0.900 ;0 ;3.89 ;55.4 ;0 ;0 ;20 ;233.3;
147 ;1:08.30 ;6336 ;12 ;0.820 ;4.5 ;0.0 ;0.900 ;0 ;3.84 ;55.6 ;0 ;0 ;20 ;235.8;
147 ;1:08.40 ;5240 ;12 ;0.762 ;4.1 ;0.0 ;0.900 ;0 ;4.19 ;42.6 ;0 ;0 ;18 ;195.1;
147 ;1:08.50 ;3998 ;12 ;0.760 ;4.2 ;0.0 ;0.900 ;0 ;4.23 ;28.9 ;0 ;0 ;13 ;140.4;
147 ;1:08.60 ;2915 ;11 ;0.774 ;4.8 ;0.0 ;0.900 ;0 ;4.23 ;26.3 ;0 ;0 ;10 ;93.7;
147 ;1:08.70 ;2510 ;11 ;0.784 ;4.4 ;0.0 ;0.900 ;0 ;4.23 ;26.0 ;0 ;0 ;10 ;81.2;
147 ;1:08.80 ;2560 ;6 ;0.791 ;4.9 ;0.0 ;0.900 ;0 ;3.94 ;16.2 ;0 ;0 ;9 ;75.5;
147 ;1:08.90 ;2867 ;5 ;0.773 ;4.9 ;0.0 ;0.900 ;0 ;3.80 ;15.8 ;0 ;0 ;9 ;83.6;
147 ;1:09.00 ;3162 ;5 ;0.786 ;5.0 ;0.0 ;0.900 ;0 ;3.80 ;17.4 ;0 ;0 ;10 ;97.9;
147 ;1:09.10 ;3738 ;5 ;0.808 ;5.1 ;0.0 ;0.900 ;0 ;3.80 ;21.3 ;0 ;0 ;11 ;107.8;
147 ;1:09.20 ;4176 ;5 ;0.840 ;5.1 ;0.0 ;0.900 ;0 ;3.80 ;24.2 ;0 ;0 ;13 ;117.6;
147 ;1:09.30 ;4516 ;5 ;0.868 ;4.8 ;0.0 ;0.900 ;0 ;3.80 ;27.1 ;0 ;0 ;14 ;137.5;
147 ;1:09.40 ;4918 ;5 ;0.767 ;5.2 ;0.0 ;0.900 ;0 ;3.80 ;30.5 ;0 ;0 ;15 ;138.4;
147 ;1:09.50 ;5411 ;5 ;0.775 ;5.3 ;0.0 ;0.900 ;0 ;3.74 ;34.2 ;0 ;0 ;16 ;145.2;
147 ;1:09.60 ;5852 ;5 ;0.835 ;5.5 ;0.0 ;0.900 ;0 ;3.67 ;37.5 ;0 ;0 ;18 ;145.4;
147 ;1:09.70 ;5268 ;5 ;0.835 ;5.6 ;0.0 ;0.900 ;0 ;3.76 ;33.2 ;0 ;0 ;16 ;133.3;
147 ;1:09.80 ;4472 ;5 ;0.833 ;6.1 ;0.0 ;0.900 ;0 ;3.80 ;26.7 ;0 ;0 ;14 ;108.9;
147 ;1:09.90 ;3517 ;5 ;0.800 ;6.2 ;0.0 ;0.900 ;0 ;3.80 ;19.7 ;0 ;0 ;11 ;76.5;
147 ;1:10.00 ;2928 ;5 ;0.788 ;6.4 ;0.0 ;0.900 ;0 ;3.80 ;16.0 ;0 ;0 ;9 ;61.1;
147 ;1:10.10 ;2573 ;5 ;0.786 ;6.9 ;0.0 ;0.900 ;0 ;3.80 ;14.3 ;0 ;0 ;9 ;49.2;
147 ;1:10.20 ;2031 ;5 ;0.783 ;7.5 ;0.0 ;0.900 ;0 ;3.80 ;14.0 ;0 ;0 ;9 ;37.3;
147 ;1:10.30 ;1845 ;5 ;0.770 ;7.3 ;0.0 ;0.900 ;0 ;4.04 ;13.3 ;0 ;0 ;10 ;34.6;
147 ;1:10.40 ;1716 ;5 ;0.772 ;7.8 ;0.0 ;0.900 ;0 ;4.24 ;12.8 ;0 ;0 ;10 ;31.7;
147 ;1:10.50 ;1429 ;5 ;0.776 ;8.2 ;0.0 ;0.900 ;0 ;4.56 ;12.0 ;0 ;0 ;11 ;29.2;
147 ;1:10.60 ;1357 ;5 ;0.777 ;8.9 ;0.0 ;0.900 ;0 ;4.56 ;12.0 ;0 ;0 ;11 ;24.7;
147 ;1:10.70 ;1398 ;5 ;0.767 ;8.8 ;0.0 ;0.900 ;0 ;4.56 ;12.0 ;0 ;0 ;11 ;29.2;
147 ;1:10.80 ;1858 ;5 ;0.766 ;9.1 ;0.0 ;0.900 ;0 ;4.02 ;13.4 ;0 ;0 ;10 ;35.8;
147 ;1:10.90 ;2362 ;5 ;0.755 ;8.7 ;0.0 ;0.900 ;0 ;3.80 ;14.0 ;0 ;0 ;9 ;44.8;
147 ;1:11.00 ;2893 ;5 ;0.744 ;7.9 ;0.0 ;0.900 ;0 ;3.80 ;15.9 ;0 ;0 ;9 ;57.8;
147 ;1:11.10 ;3559 ;5 ;0.736 ;7.7 ;0.0 ;0.900 ;0 ;3.80 ;19.9 ;0 ;0 ;11 ;66.2;
147 ;1:11.20 ;3859 ;5 ;0.743 ;7.2 ;0.0 ;0.900 ;0 ;3.80 ;21.8 ;0 ;0 ;12 ;76.0;
147 ;1:11.30 ;4179 ;5 ;0.744 ;6.9 ;0.0 ;0.900 ;0 ;3.80 ;24.2 ;0 ;0 ;13 ;85.5;
147 ;1:11.40 ;4287 ;5 ;0.746 ;7.4 ;0.0 ;0.900 ;0 ;3.80 ;25.1 ;0 ;0 ;13 ;81.3;
147 ;1:11.50 ;4296 ;5 ;0.752 ;7.0 ;0.0 ;0.900 ;0 ;3.80 ;25.2 ;0 ;0 ;13 ;88.5;
147 ;1:11.60 ;4176 ;5 ;0.745 ;7.5 ;0.0 ;0.900 ;0 ;3.80 ;24.2 ;0 ;0 ;13 ;89.8;
147 ;1:11.70 ;4269 ;5 ;0.763 ;7.3 ;0.0 ;0.900 ;0 ;3.80 ;24.9 ;0 ;0 ;13 ;82.1;
147 ;1:11.80 ;4357 ;5 ;0.783 ;6.9 ;0.0 ;0.900 ;0 ;3.80 ;25.7 ;0 ;0 ;13 ;80.7;
147 ;1:11.90 ;4476 ;5 ;0.784 ;8.1 ;0.0 ;0.900 ;0 ;3.80 ;26.7 ;0 ;0 ;14 ;80.2;
147 ;1:12.00 ;4671 ;5 ;0.813 ;8.0 ;0.0 ;0.900 ;0 ;3.80 ;28.4 ;0 ;0 ;14 ;85.0;
147 ;1:12.10 ;4944 ;5 ;0.831 ;7.5 ;0.0 ;0.900 ;0 ;3.80 ;30.7 ;0 ;0 ;15 ;81.8;
147 ;1:12.20 ;5218 ;5 ;0.794 ;8.5 ;0.0 ;0.900 ;0 ;3.77 ;32.8 ;0 ;0 ;16 ;81.5;
147 ;1:12.30 ;5516 ;5 ;0.739 ;8.7 ;0.0 ;0.900 ;0 ;3.72 ;35.0 ;0 ;0 ;17 ;89.6;
147 ;1:12.40 ;5839 ;5 ;0.829 ;8.9 ;0.0 ;0.900 ;0 ;3.67 ;37.4 ;0 ;0 ;18 ;92.1;
147 ;1:12.50 ;5644 ;5 ;0.850 ;8.9 ;0.0 ;0.900 ;0 ;3.70 ;36.0 ;0 ;0 ;17 ;87.6;
147 ;1:12.60 ;5043 ;5 ;0.847 ;9.1 ;0.0 ;0.900 ;0 ;3.80 ;31.1 ;0 ;0 ;15 ;73.6;
147 ;1:12.70 ;4395 ;5 ;0.850 ;9.4 ;0.0 ;0.900 ;0 ;3.80 ;26.0 ;0 ;0 ;13 ;65.2;
147 ;1:12.80 ;3630 ;4 ;0.867 ;9.8 ;0.0 ;0.900 ;0 ;3.66 ;19.4 ;0 ;0 ;10 ;51.5;
147 ;1:12.90 ;3305 ;3 ;0.879 ;9.1 ;0.0 ;0.900 ;0 ;3.41 ;15.0 ;0 ;0 ;9 ;46.1;
147 ;1:13.00 ;3182 ;2 ;0.890 ;10.2 ;0.0 ;0.900 ;0 ;3.15 ;12.3 ;0 ;0 ;8 ;36.0;
147 ;1:13.10 ;3076 ;1 ;0.899 ;10.2 ;0.0 ;0.900 ;0 ;2.88 ;10.0 ;0 ;0 ;7 ;33.6;
147 ;1:13.20 ;3132 ;0 ;0.913 ;10.2 ;0.0 ;0.900 ;0 ;2.63 ;8.3 ;0 ;0 ;6 ;29.5;
147 ;1:13.30 ;3169 ;0 ;0.920 ;10.7 ;0.0 ;0.900 ;0 ;2.64 ;8.5 ;0 ;0 ;7 ;28.9;
147 ;1:13.40 ;3175 ;0 ;0.927 ;10.1 ;0.0 ;0.900 ;0 ;2.64 ;8.5 ;0 ;0 ;6 ;29.2;
147 ;1:13.50 ;3201 ;0 ;0.919 ;10.5 ;0.0 ;0.900 ;0 ;2.64 ;8.6 ;0 ;0 ;7 ;30.4;
147 ;1:13.60 ;3252 ;0 ;0.911 ;10.8 ;0.0 ;0.900 ;0 ;2.65 ;8.7 ;0 ;0 ;7 ;30.4;
147 ;1:13.70 ;3272 ;0 ;0.913 ;10.8 ;0.0 ;0.900 ;0 ;2.66 ;8.8 ;0 ;0 ;7 ;29.3;
147 ;1:13.80 ;3171 ;0 ;0.915 ;11.2 ;0.0 ;0.900 ;0 ;2.64 ;8.5 ;0 ;0 ;6 ;27.6;
147 ;1:13.90 ;3225 ;0 ;0.919 ;10.7 ;0.0 ;0.900 ;0 ;2.65 ;8.6 ;0 ;0 ;7 ;28.5;
147 ;1:14.00 ;3202 ;0 ;0.912 ;12.1 ;0.0 ;0.900 ;0 ;2.64 ;8.6 ;0 ;0 ;7 ;29.5;
147 ;1:14.10 ;3196 ;0 ;0.933 ;10.9 ;0.0 ;0.900 ;0 ;2.64 ;8.5 ;0 ;0 ;7 ;27.3;
147 ;1:14.20 ;3189 ;0 ;0.926 ;11.4 ;0.0 ;0.900 ;0 ;2.64 ;8.5 ;0 ;0 ;7 ;25.4;
147 ;1:14.30 ;3036 ;0 ;0.926 ;12.1 ;0.0 ;0.900 ;0 ;2.61 ;8.1 ;0 ;0 ;6 ;26.5;
147 ;1:14.40 ;3060 ;0 ;0.934 ;11.5 ;0.0 ;0.900 ;0 ;2.62 ;8.1 ;0 ;0 ;6 ;24.7;
147 ;1:14.50 ;3057 ;0 ;0.950 ;11.8 ;0.0 ;0.900 ;0 ;2.62 ;8.1 ;0 ;0 ;6 ;23.9;
147 ;1:14.60 ;3013 ;0 ;0.982 ;12.0 ;0.0 ;0.900 ;0 ;2.61 ;8.0 ;0 ;0 ;6 ;23.2;
147 ;1:14.70 ;3006 ;0 ;1.009 ;12.0 ;0.0 ;0.900 ;0 ;2.61 ;8.0 ;0 ;0 ;6 ;22.8;
147 ;1:14.80 ;2938 ;0 ;0.994 ;12.4 ;0.0 ;0.900 ;0 ;2.63 ;7.8 ;0 ;0 ;6 ;23.3;
147 ;1:14.90 ;3010 ;0 ;0.993 ;13.5 ;0.0 ;0.900 ;0 ;2.61 ;8.0 ;0 ;0 ;6 ;24.3;
147 ;1:15.00 ;3052 ;0 ;1.001 ;12.0 ;0.0 ;0.900 ;0 ;2.61 ;8.1 ;0 ;0 ;6 ;23.2;
147 ;1:15.10 ;2879 ;0 ;1.012 ;11.8 ;0.0 ;0.900 ;0 ;2.64 ;7.7 ;0 ;0 ;6 ;23.9;
147 ;1:15.20 ;2930 ;0 ;1.024 ;11.5 ;0.0 ;0.900 ;0 ;2.63 ;7.8 ;0 ;0 ;6 ;25.0;
147 ;1:15.30 ;2944 ;0 ;1.024 ;11.3 ;0.0 ;0.900 ;0 ;2.63 ;7.8 ;0 ;0 ;6 ;25.4;
147 ;1:15.40 ;2887 ;0 ;1.021 ;11.1 ;0.0 ;0.900 ;0 ;2.64 ;7.7 ;0 ;0 ;6 ;25.0;
147 ;1:15.50 ;2853 ;0 ;1.027 ;10.7 ;0.0 ;0.900 ;0 ;2.64 ;7.7 ;0 ;0 ;6 ;23.1;
147 ;1:15.60 ;2852 ;0 ;1.022 ;11.3 ;0.0 ;0.900 ;0 ;2.64 ;7.7 ;0 ;0 ;6 ;25.8;
147 ;1:15.70 ;2901 ;0 ;1.011 ;11.7 ;0.0 ;0.900 ;0 ;2.63 ;7.8 ;0 ;0 ;6 ;24.7;
147 ;1:15.80 ;2933 ;0 ;1.029 ;11.6 ;0.0 ;0.900 ;0 ;2.63 ;7.8 ;0 ;0 ;6 ;24.1;
147 ;1:15.90 ;2864 ;0 ;1.024 ;12.6 ;0.0 ;0.900 ;0 ;2.64 ;7.7 ;0 ;0 ;6 ;22.2;
147 ;1:16.00 ;2816 ;0 ;1.013 ;11.6 ;0.0 ;0.900 ;0 ;2.65 ;7.6 ;0 ;0 ;6 ;23.1;
147 ;1:16.10 ;2822 ;0 ;1.008 ;12.5 ;0.0 ;0.900 ;0 ;2.65 ;7.6 ;0 ;0 ;6 ;23.3;
147 ;1:16.20 ;2881 ;0 ;1.005 ;12.4 ;0.0 ;0.900 ;0 ;2.64 ;7.7 ;0 ;0 ;6 ;23.5;
147 ;1:16.30 ;2901 ;0 ;1.005 ;12.6 ;0.0 ;0.900 ;0 ;2.63 ;7.8 ;0 ;0 ;6 ;22.0;
147 ;1:16.40 ;2741 ;0 ;0.994 ;13.0 ;0.0 ;0.900 ;0 ;2.66 ;7.4 ;0 ;0 ;6 ;21.2;
147 ;1:16.50 ;2743 ;0 ;0.953 ;13.4 ;0.0 ;0.900 ;0 ;2.66 ;7.4 ;0 ;0 ;6 ;19.4;
147 ;1:16.60 ;2726 ;0 ;0.928 ;13.2 ;0.0 ;0.900 ;0 ;2.66 ;7.4 ;0 ;0 ;6 ;20.1;
147 ;1:16.70 ;2790 ;0 ;0.908 ;14.2 ;0.0 ;0.900 ;0 ;2.65 ;7.5 ;0 ;0 ;6 ;19.7;
147 ;1:16.80 ;2858 ;0 ;0.897 ;13.8 ;0.0 ;0.900 ;0 ;2.64 ;7.7 ;0 ;0 ;6 ;18.9;
147 ;1:16.90 ;2807 ;0 ;0.895 ;13.5 ;0.0 ;0.900 ;0 ;2.65 ;7.6 ;0 ;0 ;6 ;17.6;
147 ;1:17.00 ;2702 ;0 ;0.897 ;15.0 ;0.0 ;0.900 ;0 ;2.67 ;7.4 ;0 ;0 ;6 ;18.3;
147 ;1:17.10 ;2634 ;0 ;0.882 ;15.6 ;0.0 ;0.900 ;0 ;2.68 ;7.2 ;0 ;0 ;6 ;17.3;
147 ;1:17.20 ;2796 ;0 ;0.870 ;15.0 ;0.0 ;0.900 ;0 ;2.65 ;7.5 ;0 ;0 ;6 ;18.5;
147 ;1:17.30 ;3258 ;0 ;0.857 ;14.8 ;0.0 ;0.900 ;0 ;2.65 ;8.7 ;0 ;0 ;7 ;23.9;
147 ;1:17.40 ;3425 ;0 ;0.850 ;15.7 ;0.0 ;0.900 ;0 ;2.69 ;9.2 ;0 ;0 ;7 ;23.0;
147 ;1:17.50 ;3440 ;0 ;0.851 ;16.5 ;0.0 ;0.900 ;0 ;2.69 ;9.3 ;0 ;0 ;7 ;20.0;
147 ;1:17.60 ;3020 ;0 ;0.842 ;17.6 ;0.0 ;0.900 ;0 ;2.61 ;8.0 ;0 ;0 ;6 ;18.4;
147 ;1:17.70 ;3159 ;0 ;0.834 ;17.1 ;0.0 ;0.900 ;0 ;2.64 ;8.4 ;0 ;0 ;7 ;18.3;
147 ;1:17.80 ;3479 ;0 ;0.814 ;17.3 ;0.0 ;0.900 ;0 ;2.70 ;9.4 ;0 ;0 ;7 ;20.8;
147 ;1:17.90 ;3756 ;0 ;0.818 ;16.9 ;0.0 ;0.900 ;0 ;2.75 ;10.2 ;0 ;0 ;8 ;22.9;
147 ;1:18.00 ;3757 ;0 ;0.824 ;17.5 ;0.0 ;0.900 ;0 ;2.75 ;10.2 ;0 ;0 ;8 ;21.7;
147 ;1:18.10 ;3671 ;0 ;0.793 ;17.9 ;0.0 ;0.900 ;0 ;2.73 ;10.0 ;0 ;0 ;8 ;20.1;
147 ;1:18.20 ;3559 ;0 ;0.783 ;18.8 ;0.0 ;0.900 ;0 ;2.71 ;9.6 ;0 ;0 ;8 ;19.7;
147 ;1:18.30 ;3781 ;0 ;0.775 ;19.5 ;0.0 ;0.900 ;0 ;2.75 ;10.3 ;0 ;0 ;8 ;21.1;
147 ;1:18.40 ;4052 ;0 ;0.781 ;18.7 ;0.0 ;0.900 ;0 ;2.80 ;11.2 ;0 ;0 ;9 ;21.8;
147 ;1:18.50 ;4206 ;0 ;0.793 ;20.8 ;0.0 ;0.900 ;0 ;2.78 ;11.8 ;0 ;0 ;9 ;21.3;
147 ;1:18.60 ;4340 ;0 ;0.831 ;20.9 ;0.0 ;0.900 ;0 ;2.77 ;12.3 ;0 ;0 ;10 ;21.1;
147 ;1:18.70 ;4427 ;0 ;0.873 ;21.3 ;0.0 ;0.900 ;0 ;2.76 ;12.7 ;0 ;0 ;10 ;21.1;
147 ;1:18.80 ;4404 ;0 ;0.850 ;22.5 ;0.0 ;0.900 ;0 ;2.76 ;12.6 ;0 ;0 ;10 ;19.6;
147 ;1:18.90 ;4597 ;0 ;0.857 ;23.9 ;0.0 ;0.900 ;0 ;2.75 ;13.3 ;0 ;0 ;10 ;20.8;
147 ;1:19.00 ;4926 ;0 ;0.846 ;25.0 ;0.0 ;0.900 ;0 ;2.71 ;14.7 ;0 ;0 ;11 ;20.2;
147 ;1:19.10 ;5237 ;0 ;0.841 ;27.2 ;0.0 ;0.900 ;0 ;2.70 ;16.1 ;0 ;0 ;11 ;20.6;
147 ;1:19.20 ;5522 ;0 ;0.849 ;27.3 ;0.0 ;0.900 ;0 ;2.70 ;17.6 ;0 ;0 ;12 ;20.6;
147 ;1:19.30 ;5380 ;0 ;0.835 ;28.1 ;0.0 ;0.900 ;0 ;2.70 ;16.9 ;0 ;0 ;12 ;20.3;
147 ;1:19.40 ;5555 ;0 ;0.847 ;28.6 ;0.0 ;0.900 ;0 ;2.70 ;17.7 ;0 ;0 ;12 ;18.4;
147 ;1:19.50 ;4949 ;0 ;0.860 ;31.4 ;0.0 ;0.900 ;0 ;2.71 ;14.7 ;0 ;0 ;11 ;15.2;
147 ;1:19.60 ;5093 ;0 ;0.866 ;33.4 ;0.0 ;0.900 ;0 ;2.70 ;15.4 ;0 ;0 ;11 ;14.9;
147 ;1:19.70 ;5409 ;0 ;0.875 ;35.6 ;0.0 ;0.900 ;0 ;2.70 ;17.0 ;0 ;0 ;12 ;14.4;
147 ;1:19.80 ;4867 ;0 ;0.906 ;37.5 ;0.0 ;0.900 ;0 ;2.72 ;14.4 ;0 ;0 ;11 ;12.3;
147 ;1:19.90 ;4639 ;0 ;0.941 ;37.9 ;0.0 ;0.900 ;0 ;2.74 ;13.5 ;0 ;0 ;10 ;12.0;
147 ;1:20.00 ;4986 ;0 ;0.989 ;42.3 ;0.0 ;0.900 ;0 ;2.71 ;14.9 ;0 ;0 ;11 ;12.5;
147 ;1:20.10 ;5166 ;0 ;1.003 ;41.6 ;0.0 ;0.900 ;0 ;2.70 ;15.8 ;0 ;0 ;11 ;12.1;
147 ;1:20.20 ;5275 ;0 ;1.013 ;45.9 ;0.0 ;0.900 ;0 ;2.70 ;16.3 ;0 ;0 ;11 ;11.5;
147 ;1:20.30 ;5326 ;0 ;0.993 ;45.8 ;0.0 ;0.900 ;0 ;2.70 ;16.6 ;0 ;0 ;12 ;12.5;
147 ;1:20.40 ;5442 ;0 ;0.969 ;44.6 ;0.0 ;0.900 ;0 ;2.70 ;17.2 ;0 ;0 ;12 ;11.5;
147 ;1:20.50 ;5716 ;0 ;0.908 ;48.1 ;0.0 ;0.900 ;0 ;2.70 ;18.5 ;0 ;0 ;12 ;12.3;
147 ;1:20.60 ;6071 ;0 ;0.763 ;51.0 ;0.0 ;0.900 ;0 ;2.70 ;20.8 ;0 ;0 ;13 ;12.2;
147 ;1:20.70 ;5988 ;0 ;0.722 ;53.8 ;0.0 ;0.900 ;0 ;2.70 ;19.9 ;0 ;0 ;13 ;11.6;
147 ;1:20.80 ;6430 ;0 ;0.700 ;54.2 ;0.0 ;0.900 ;0 ;2.70 ;24.3 ;0 ;0 ;14 ;11.9;
147 ;1:20.90 ;6663 ;9 ;0.688 ;53.3 ;0.0 ;0.900 ;0 ;3.41 ;54.3 ;0 ;0 ;19 ;16.0;
147 ;1:21.00 ;6481 ;23 ;0.710 ;53.1 ;0.0 ;0.900 ;0 ;5.20 ;44.0 ;0 ;0 ;28 ;24.4;
147 ;1:21.10 ;6465 ;29 ;0.721 ;57.5 ;0.0 ;0.900 ;0 ;5.52 ;41.5 ;0 ;0 ;30 ;26.2;
147 ;1:21.20 ;6613 ;32 ;0.753 ;56.4 ;0.0 ;0.900 ;0 ;5.57 ;41.8 ;0 ;0 ;31 ;27.4;
147 ;1:21.30 ;6340 ;33 ;0.718 ;48.1 ;0.0 ;0.900 ;0 ;5.77 ;38.4 ;0 ;0 ;31 ;27.7;
147 ;1:21.40 ;5830 ;33 ;0.716 ;50.0 ;0.0 ;0.900 ;0 ;6.01 ;35.0 ;0 ;0 ;29 ;27.1;
147 ;1:21.50 ;6262 ;35 ;0.872 ;48.1 ;0.0 ;0.900 ;0 ;5.88 ;37.6 ;0 ;0 ;30 ;26.8;
147 ;1:21.60 ;6325 ;34 ;0.697 ;46.8 ;0.0 ;0.900 ;0 ;5.81 ;38.3 ;0 ;0 ;30 ;28.6;
147 ;1:21.70 ;7099 ;33 ;0.686 ;50.0 ;0.0 ;0.900 ;0 ;5.45 ;46.4 ;0 ;0 ;32 ;29.0;
147 ;1:21.80 ;6996 ;33 ;0.690 ;49.8 ;0.0 ;0.900 ;0 ;5.42 ;45.1 ;0 ;0 ;31 ;31.1;
147 ;1:21.90 ;6722 ;33 ;0.689 ;48.2 ;0.0 ;0.900 ;0 ;5.57 ;42.3 ;0 ;0 ;31 ;30.1;
147 ;1:22.00 ;6618 ;32 ;0.685 ;43.2 ;0.0 ;0.900 ;0 ;5.57 ;41.9 ;0 ;0 ;31 ;27.9;
147 ;1:22.10 ;6592 ;32 ;0.686 ;45.9 ;0.0 ;0.900 ;0 ;5.59 ;41.6 ;0 ;0 ;31 ;34.3;
147 ;1:22.20 ;6798 ;33 ;0.701 ;43.6 ;0.0 ;0.900 ;0 ;5.52 ;43.1 ;0 ;0 ;31 ;33.7;
147 ;1:22.30 ;7197 ;33 ;0.706 ;40.3 ;0.0 ;0.900 ;0 ;5.49 ;47.6 ;0 ;0 ;33 ;36.9;
147 ;1:22.40 ;7247 ;34 ;0.699 ;39.1 ;0.0 ;0.900 ;0 ;5.54 ;48.1 ;0 ;0 ;33 ;35.0;
147 ;1:22.50 ;7228 ;34 ;0.713 ;37.0 ;0.0 ;0.900 ;0 ;5.53 ;47.8 ;0 ;0 ;33 ;37.8;
147 ;1:22.60 ;7281 ;35 ;0.942 ;35.7 ;0.0 ;0.900 ;0 ;5.58 ;48.4 ;0 ;0 ;34 ;36.9;
147 ;1:22.70 ;7164 ;35 ;0.851 ;36.1 ;0.0 ;0.900 ;0 ;5.53 ;47.3 ;0 ;0 ;33 ;41.3;
147 ;1:22.80 ;6646 ;35 ;0.710 ;36.4 ;0.0 ;0.900 ;0 ;5.67 ;42.1 ;0 ;1 ;32 ;43.8;
147 ;1:22.90 ;7051 ;35 ;0.717 ;37.9 ;0.0 ;0.900 ;0 ;5.49 ;45.7 ;0 ;0 ;32 ;37.9;
147 ;1:23.00 ;6853 ;35 ;0.744 ;33.3 ;0.0 ;0.900 ;0 ;5.55 ;43.6 ;0 ;0 ;32 ;42.2;
147 ;1:23.10 ;6551 ;35 ;0.746 ;33.0 ;0.0 ;0.900 ;0 ;5.74 ;40.4 ;0 ;0 ;31 ;43.5;
147 ;1:23.20 ;6325 ;34 ;0.741 ;31.8 ;0.0 ;0.900 ;0 ;5.81 ;38.3 ;0 ;0 ;31 ;43.9;
147 ;1:23.30 ;6208 ;31 ;0.768 ;27.7 ;0.0 ;0.900 ;0 ;5.75 ;37.6 ;0 ;0 ;29 ;48.5;
147 ;1:23.40 ;6069 ;29 ;0.764 ;30.8 ;0.0 ;0.900 ;0 ;5.75 ;36.3 ;0 ;0 ;29 ;44.4;
147 ;1:23.50 ;5659 ;26 ;0.791 ;28.8 ;0.0 ;0.900 ;0 ;5.77 ;35.3 ;0 ;0 ;27 ;44.2;
147 ;1:23.60 ;5721 ;25 ;0.783 ;28.1 ;0.0 ;0.900 ;0 ;5.72 ;35.4 ;0 ;0 ;27 ;46.3;
147 ;1:23.70 ;5524 ;22 ;0.782 ;26.6 ;0.0 ;0.900 ;0 ;5.57 ;36.7 ;0 ;0 ;25 ;40.6;
147 ;1:23.80 ;5243 ;19 ;0.791 ;26.7 ;0.0 ;0.900 ;0 ;5.44 ;37.5 ;0 ;0 ;23 ;39.2;
147 ;1:23.90 ;4952 ;15 ;0.771 ;26.3 ;0.0 ;0.900 ;0 ;4.73 ;38.3 ;0 ;0 ;19 ;32.7;
147 ;1:24.00 ;4726 ;13 ;0.746 ;25.2 ;0.0 ;0.900 ;0 ;4.26 ;37.0 ;0 ;0 ;16 ;27.6;
147 ;1:24.10 ;4579 ;12 ;0.738 ;26.1 ;0.0 ;0.900 ;0 ;4.24 ;34.6 ;0 ;0 ;16 ;31.0;
147 ;1:24.20 ;4408 ;11 ;0.729 ;25.7 ;0.0 ;0.900 ;0 ;4.24 ;31.9 ;0 ;0 ;15 ;29.8;
147 ;1:24.30 ;4355 ;11 ;0.724 ;26.3 ;0.0 ;0.900 ;0 ;4.23 ;31.4 ;0 ;0 ;15 ;30.0;
147 ;1:24.40 ;4235 ;10 ;0.739 ;24.0 ;0.0 ;0.900 ;0 ;4.23 ;29.2 ;0 ;0 ;15 ;28.9;
147 ;1:24.50 ;4165 ;8 ;0.753 ;24.1 ;0.0 ;0.900 ;0 ;4.23 ;26.6 ;0 ;0 ;14 ;27.9;
147 ;1:24.60 ;4132 ;7 ;0.777 ;22.1 ;0.0 ;0.900 ;0 ;4.08 ;25.4 ;0 ;0 ;14 ;29.4;
147 ;1:24.70 ;4101 ;7 ;0.791 ;23.2 ;0.0 ;0.900 ;0 ;4.08 ;25.2 ;0 ;0 ;13 ;29.5;
147 ;1:24.80 ;4041 ;6 ;0.787 ;23.7 ;0.0 ;0.900 ;0 ;3.94 ;23.8 ;0 ;0 ;13 ;27.1;
147 ;1:24.90 ;3641 ;5 ;0.796 ;20.5 ;0.0 ;0.900 ;0 ;3.80 ;20.4 ;0 ;0 ;11 ;22.9;
147 ;1:25.00 ;3885 ;5 ;0.816 ;21.8 ;0.0 ;0.900 ;0 ;3.80 ;21.9 ;0 ;0 ;12 ;25.8;
147 ;1:25.10 ;3712 ;5 ;0.840 ;21.0 ;0.0 ;0.900 ;0 ;3.80 ;20.7 ;0 ;0 ;11 ;24.6;
147 ;1:25.20 ;3512 ;4 ;0.832 ;20.6 ;0.0 ;0.900 ;0 ;3.66 ;18.5 ;0 ;0 ;10 ;22.2;
147 ;1:25.30 ;3710 ;4 ;0.818 ;21.5 ;0.0 ;0.900 ;0 ;3.66 ;19.9 ;0 ;0 ;11 ;24.0;
147 ;1:25.40 ;3703 ;4 ;0.835 ;20.4 ;0.0 ;0.900 ;0 ;3.66 ;19.9 ;0 ;0 ;11 ;23.4;
147 ;1:25.50 ;3431 ;3 ;0.833 ;21.1 ;0.0 ;0.900 ;0 ;3.41 ;15.8 ;0 ;0 ;9 ;19.9;
147 ;1:25.60 ;3396 ;3 ;0.815 ;21.5 ;0.0 ;0.900 ;0 ;3.41 ;15.5 ;0 ;0 ;9 ;21.4;
147 ;1:25.70 ;3682 ;3 ;0.808 ;20.7 ;0.0 ;0.900 ;0 ;3.42 ;17.2 ;0 ;0 ;10 ;23.5;
147 ;1:25.80 ;3459 ;3 ;0.816 ;19.8 ;0.0 ;0.900 ;0 ;3.41 ;15.9 ;0 ;0 ;9 ;22.1;
147 ;1:25.90 ;3293 ;3 ;0.835 ;20.0 ;0.0 ;0.900 ;0 ;3.41 ;14.9 ;0 ;0 ;9 ;20.0;
147 ;1:26.00 ;3551 ;3 ;0.830 ;21.0 ;0.0 ;0.900 ;0 ;3.42 ;16.6 ;0 ;0 ;10 ;22.7;
147 ;1:26.10 ;3537 ;3 ;0.814 ;20.8 ;0.0 ;0.900 ;0 ;3.42 ;16.4 ;0 ;0 ;10 ;24.0;
147 ;1:26.20 ;3816 ;3 ;0.816 ;21.0 ;0.0 ;0.900 ;0 ;3.43 ;18.1 ;0 ;0 ;10 ;25.6;
147 ;1:26.30 ;3479 ;3 ;0.818 ;19.4 ;0.0 ;0.900 ;0 ;3.42 ;16.0 ;0 ;0 ;9 ;19.7;
147 ;1:26.40 ;3339 ;2 ;0.815 ;19.4 ;0.0 ;0.900 ;0 ;3.16 ;13.1 ;0 ;0 ;8 ;18.0;
147 ;1:26.50 ;3284 ;2 ;0.805 ;19.7 ;0.0 ;0.900 ;0 ;3.16 ;12.8 ;0 ;0 ;8 ;18.9;
147 ;1:26.60 ;3509 ;2 ;0.808 ;21.0 ;0.0 ;0.900 ;0 ;3.18 ;14.1 ;0 ;0 ;9 ;20.7;
147 ;1:26.70 ;3839 ;1 ;0.801 ;21.5 ;0.0 ;0.900 ;0 ;2.98 ;13.0 ;0 ;0 ;9 ;19.0;
147 ;1:26.80 ;3882 ;0 ;0.798 ;20.2 ;0.0 ;0.900 ;0 ;2.77 ;10.6 ;0 ;0 ;9 ;20.2;
147 ;1:26.90 ;3787 ;0 ;0.812 ;20.5 ;0.0 ;0.900 ;0 ;2.75 ;10.3 ;0 ;0 ;8 ;19.5;
147 ;1:27.00 ;3797 ;0 ;0.812 ;19.8 ;0.0 ;0.900 ;0 ;2.76 ;10.3 ;0 ;0 ;8 ;19.5;
147 ;1:27.10 ;3936 ;0 ;0.811 ;20.4 ;0.0 ;0.900 ;0 ;2.78 ;10.8 ;0 ;0 ;9 ;21.6;
147 ;1:27.20 ;3991 ;0 ;0.794 ;19.1 ;0.0 ;0.900 ;0 ;2.79 ;10.9 ;0 ;0 ;9 ;20.5;
147 ;1:27.30 ;4084 ;0 ;0.795 ;20.4 ;0.0 ;0.900 ;0 ;2.80 ;11.3 ;0 ;0 ;9 ;20.2;
147 ;1:27.40 ;4155 ;0 ;0.804 ;20.6 ;0.0 ;0.900 ;0 ;2.79 ;11.6 ;0 ;0 ;9 ;19.2;
147 ;1:27.50 ;4174 ;0 ;0.846 ;21.5 ;0.0 ;0.900 ;0 ;2.79 ;11.6 ;0 ;0 ;9 ;20.9;
147 ;1:27.60 ;4312 ;0 ;0.879 ;21.1 ;0.0 ;0.900 ;0 ;2.77 ;12.2 ;0 ;0 ;10 ;19.8;
147 ;1:27.70 ;4500 ;0 ;0.909 ;22.3 ;0.0 ;0.900 ;0 ;2.75 ;13.0 ;0 ;0 ;10 ;20.9;
147 ;1:27.80 ;4407 ;0 ;0.957 ;23.5 ;0.0 ;0.900 ;0 ;2.76 ;12.6 ;0 ;0 ;10 ;20.6;
147 ;1:27.90 ;4818 ;0 ;0.961 ;22.6 ;0.0 ;0.900 ;0 ;2.72 ;14.2 ;0 ;0 ;11 ;20.9;
147 ;1:28.00 ;5161 ;0 ;0.970 ;23.8 ;0.0 ;0.900 ;0 ;2.70 ;15.8 ;0 ;0 ;11 ;20.2;
147 ;1:28.10 ;5408 ;0 ;0.953 ;28.4 ;0.0 ;0.900 ;0 ;2.70 ;17.0 ;0 ;0 ;12 ;19.7;
147 ;1:28.20 ;5799 ;0 ;0.890 ;28.9 ;0.0 ;0.900 ;0 ;2.70 ;18.9 ;0 ;0 ;13 ;21.6;
147 ;1:28.30 ;5718 ;0 ;0.885 ;30.6 ;0.0 ;0.900 ;0 ;2.70 ;18.5 ;0 ;0 ;13 ;19.8;
147 ;1:28.40 ;6173 ;0 ;0.886 ;29.6 ;0.0 ;0.900 ;0 ;2.70 ;21.7 ;0 ;0 ;14 ;21.4;
147 ;1:28.50 ;5666 ;0 ;0.886 ;33.1 ;0.0 ;0.900 ;0 ;2.70 ;18.3 ;0 ;0 ;12 ;17.5;
147 ;1:28.60 ;5135 ;0 ;0.896 ;32.1 ;0.0 ;0.900 ;0 ;2.70 ;15.6 ;0 ;0 ;11 ;15.0;
147 ;1:28.70 ;5567 ;0 ;0.905 ;35.5 ;0.0 ;0.900 ;0 ;2.70 ;17.8 ;0 ;0 ;12 ;16.9;
147 ;1:28.80 ;5560 ;0 ;0.946 ;37.1 ;0.0 ;0.900 ;0 ;2.70 ;17.8 ;0 ;0 ;12 ;14.3;
147 ;1:28.90 ;4887 ;0 ;0.959 ;45.3 ;0.0 ;0.900 ;0 ;2.72 ;14.5 ;0 ;0 ;11 ;12.7;
147 ;1:29.00 ;5244 ;0 ;0.996 ;42.2 ;0.0 ;0.900 ;0 ;2.70 ;16.2 ;0 ;0 ;11 ;12.9;
147 ;1:29.10 ;5262 ;0 ;0.991 ;44.3 ;0.0 ;0.900 ;0 ;2.70 ;16.3 ;0 ;0 ;11 ;11.5;
147 ;1:29.20 ;5468 ;0 ;0.967 ;43.0 ;0.0 ;0.900 ;0 ;2.70 ;17.3 ;0 ;0 ;12 ;12.0;
147 ;1:29.30 ;5431 ;0 ;0.930 ;47.2 ;0.0 ;0.900 ;0 ;2.70 ;17.1 ;0 ;0 ;12 ;10.9;
147 ;1:29.40 ;5560 ;0 ;0.923 ;49.4 ;0.0 ;0.900 ;0 ;2.70 ;17.8 ;0 ;0 ;12 ;11.9;
147 ;1:29.50 ;5819 ;0 ;0.854 ;49.7 ;0.0 ;0.900 ;0 ;2.70 ;19.0 ;0 ;0 ;13 ;13.4;
147 ;1:29.60 ;5772 ;0 ;0.742 ;53.4 ;0.0 ;0.900 ;0 ;2.70 ;18.8 ;0 ;0 ;12 ;11.0;
147 ;1:29.70 ;6003 ;0 ;0.753 ;48.1 ;0.0 ;0.900 ;0 ;2.70 ;20.3 ;0 ;0 ;13 ;11.9;
147 ;1:29.80 ;6472 ;9 ;0.735 ;50.9 ;0.0 ;0.900 ;0 ;3.50 ;53.5 ;0 ;0 ;19 ;16.9;
147 ;1:29.90 ;6285 ;17 ;0.707 ;53.1 ;0.0 ;0.900 ;0 ;4.79 ;46.4 ;0 ;0 ;25 ;22.0;
147 ;1:30.00 ;6223 ;20 ;0.706 ;60.1 ;0.0 ;0.900 ;0 ;5.17 ;42.0 ;0 ;0 ;27 ;24.6;
147 ;1:30.10 ;6569 ;30 ;0.696 ;51.2 ;0.0 ;0.900 ;0 ;5.50 ;42.3 ;0 ;0 ;30 ;26.2;
147 ;1:30.20 ;6298 ;31 ;0.682 ;48.2 ;0.0 ;0.900 ;0 ;5.70 ;38.7 ;0 ;0 ;30 ;28.0;
147 ;1:30.30 ;6139 ;31 ;0.693 ;51.0 ;0.0 ;0.900 ;0 ;5.79 ;36.8 ;0 ;0 ;29 ;23.1;
147 ;1:30.40 ;6137 ;31 ;0.711 ;51.6 ;0.0 ;0.900 ;0 ;5.79 ;36.8 ;0 ;0 ;29 ;27.0;
147 ;1:30.50 ;6243 ;31 ;0.775 ;53.8 ;0.0 ;0.900 ;0 ;5.73 ;38.0 ;0 ;0 ;30 ;25.3;
147 ;1:30.60 ;6107 ;30 ;0.827 ;50.7 ;0.0 ;0.900 ;0 ;5.77 ;36.6 ;0 ;0 ;29 ;27.4;
147 ;1:30.70 ;5944 ;30 ;0.816 ;48.9 ;0.0 ;0.900 ;0 ;5.85 ;35.3 ;0 ;0 ;29 ;27.2;
147 ;1:30.80 ;5803 ;30 ;0.807 ;49.2 ;0.0 ;0.900 ;0 ;5.89 ;35.2 ;0 ;0 ;28 ;26.2;
147 ;1:30.90 ;5888 ;30 ;1.166 ;51.4 ;0.0 ;0.900 ;0 ;5.87 ;35.3 ;0 ;0 ;29 ;26.1;
147 ;1:31.00 ;6235 ;32 ;0.685 ;48.8 ;0.0 ;0.900 ;0 ;5.78 ;37.6 ;0 ;0 ;30 ;31.8;
147 ;1:31.10 ;7591 ;32 ;0.697 ;41.5 ;0.0 ;0.900 ;0 ;5.61 ;52.6 ;0 ;0 ;36 ;36.6;
147 ;1:31.20 ;7706 ;33 ;0.706 ;45.9 ;0.0 ;0.900 ;0 ;5.71 ;53.8 ;0 ;0 ;37 ;39.8;
147 ;1:31.30 ;7646 ;34 ;0.712 ;45.1 ;0.0 ;0.900 ;0 ;5.70 ;52.8 ;0 ;0 ;37 ;40.0;
147 ;1:31.40 ;7476 ;35 ;0.714 ;41.6 ;0.0 ;0.900 ;0 ;5.66 ;50.7 ;0 ;0 ;36 ;44.5;
147 ;1:31.50 ;7458 ;36 ;0.781 ;42.2 ;0.0 ;0.900 ;0 ;5.68 ;50.3 ;0 ;0 ;36 ;40.4;
147 ;1:31.60 ;7367 ;37 ;1.240 ;41.8 ;0.0 ;0.900 ;0 ;5.67 ;49.1 ;0 ;0 ;35 ;39.5;
147 ;1:31.70 ;7096 ;38 ;0.737 ;38.1 ;0.0 ;0.900 ;0 ;5.60 ;46.0 ;0 ;0 ;33 ;39.2;
147 ;1:31.80 ;7464 ;38 ;0.727 ;36.8 ;0.0 ;0.900 ;0 ;5.74 ;50.0 ;0 ;1 ;36 ;44.0;
147 ;1:31.90 ;7411 ;38 ;0.703 ;36.8 ;0.0 ;0.900 ;0 ;5.72 ;49.4 ;0 ;0 ;35 ;45.1;
147 ;1:32.00 ;7014 ;38 ;0.722 ;33.6 ;0.0 ;0.900 ;0 ;5.56 ;45.1 ;0 ;0 ;32 ;45.5;
147 ;1:32.10 ;6803 ;38 ;0.734 ;33.2 ;0.0 ;0.900 ;0 ;5.68 ;43.0 ;0 ;0 ;32 ;44.3;
147 ;1:32.20 ;6401 ;37 ;0.746 ;31.7 ;0.0 ;0.900 ;0 ;5.88 ;38.9 ;0 ;0 ;31 ;47.8;
147 ;1:32.30 ;6302 ;36 ;0.749 ;30.2 ;0.0 ;0.900 ;0 ;5.90 ;38.0 ;0 ;0 ;31 ;46.1;
147 ;1:32.40 ;5959 ;33 ;0.749 ;29.3 ;0.0 ;0.900 ;0 ;5.97 ;35.0 ;0 ;0 ;29 ;43.6;
147 ;1:32.50 ;5781 ;26 ;0.736 ;29.5 ;0.0 ;0.900 ;0 ;5.74 ;35.5 ;0 ;0 ;27 ;40.5;
147 ;1:32.60 ;5647 ;21 ;0.733 ;27.1 ;0.0 ;0.900 ;0 ;5.48 ;37.5 ;0 ;0 ;26 ;42.5;
147 ;1:32.70 ;5391 ;16 ;0.729 ;29.0 ;0.0 ;0.900 ;0 ;4.88 ;41.6 ;0 ;0 ;22 ;35.8;
147 ;1:32.80 ;5498 ;15 ;0.759 ;28.3 ;0.0 ;0.900 ;0 ;4.62 ;44.4 ;0 ;0 ;21 ;34.1;
147 ;1:32.90 ;5500 ;15 ;0.799 ;26.1 ;0.0 ;0.900 ;0 ;4.62 ;44.4 ;0 ;0 ;21 ;34.1;
147 ;1:33.00 ;5562 ;15 ;0.829 ;29.0 ;0.0 ;0.900 ;0 ;4.60 ;45.1 ;0 ;0 ;21 ;38.8;
147 ;1:33.10 ;5431 ;15 ;0.819 ;26.7 ;0.0 ;0.900 ;0 ;4.64 ;43.6 ;0 ;0 ;21 ;37.2;
147 ;1:33.20 ;5246 ;15 ;0.808 ;26.1 ;0.0 ;0.900 ;0 ;4.68 ;41.5 ;0 ;0 ;20 ;37.8;
147 ;1:33.30 ;4985 ;15 ;0.828 ;26.1 ;0.0 ;0.900 ;0 ;4.73 ;38.5 ;0 ;0 ;19 ;34.4;
147 ;1:33.40 ;4894 ;15 ;0.816 ;23.0 ;0.0 ;0.900 ;0 ;4.73 ;37.8 ;0 ;0 ;19 ;34.8;
147 ;1:33.50 ;4825 ;15 ;0.793 ;22.8 ;0.0 ;0.900 ;0 ;4.73 ;37.2 ;0 ;0 ;19 ;37.2;
147 ;1:33.60 ;4549 ;14 ;0.774 ;21.4 ;0.0 ;0.900 ;0 ;4.48 ;35.1 ;0 ;0 ;16 ;34.4;
147 ;1:33.70 ;4027 ;13 ;0.783 ;21.9 ;0.0 ;0.900 ;0 ;4.23 ;30.2 ;0 ;0 ;14 ;28.5;
147 ;1:33.80 ;3712 ;10 ;0.783 ;22.1 ;0.0 ;0.900 ;0 ;4.23 ;26.2 ;0 ;0 ;13 ;26.7;
147 ;1:33.90 ;3568 ;5 ;0.777 ;21.4 ;0.0 ;0.900 ;0 ;3.80 ;19.9 ;0 ;0 ;11 ;25.7;
147 ;1:34.00 ;3822 ;4 ;0.787 ;21.3 ;0.0 ;0.900 ;0 ;3.66 ;20.7 ;0 ;0 ;11 ;22.8;
147 ;1:34.10 ;3762 ;2 ;0.784 ;20.7 ;0.0 ;0.900 ;0 ;3.20 ;15.2 ;0 ;0 ;10 ;20.0;
147 ;1:34.20 ;3614 ;2 ;0.781 ;22.4 ;0.0 ;0.900 ;0 ;3.19 ;14.5 ;0 ;0 ;9 ;19.2;
147 ;1:34.30 ;3815 ;2 ;0.784 ;21.7 ;0.0 ;0.900 ;0 ;3.21 ;15.5 ;0 ;0 ;10 ;20.4;
147 ;1:34.40 ;3856 ;2 ;0.784 ;21.5 ;0.0 ;0.900 ;0 ;3.21 ;15.7 ;0 ;0 ;10 ;20.2;
147 ;1:34.50 ;3816 ;2 ;0.785 ;23.1 ;0.0 ;0.900 ;0 ;3.21 ;15.5 ;0 ;0 ;10 ;20.6;
147 ;1:34.60 ;3854 ;2 ;0.774 ;23.5 ;0.0 ;0.900 ;0 ;3.21 ;15.7 ;0 ;0 ;10 ;21.1;
147 ;1:34.70 ;3938 ;2 ;0.765 ;22.4 ;0.0 ;0.900 ;0 ;3.22 ;16.1 ;0 ;0 ;10 ;19.8;
147 ;1:34.80 ;3922 ;5 ;0.756 ;20.6 ;0.0 ;0.900 ;0 ;3.80 ;22.2 ;0 ;0 ;12 ;26.9;
147 ;1:34.90 ;3907 ;7 ;0.749 ;22.5 ;0.0 ;0.900 ;0 ;4.08 ;23.7 ;0 ;0 ;13 ;27.2;
147 ;1:35.00 ;3637 ;7 ;0.761 ;22.0 ;0.0 ;0.900 ;0 ;4.08 ;22.4 ;0 ;0 ;12 ;25.4;
147 ;1:35.10 ;3985 ;7 ;0.790 ;21.8 ;0.0 ;0.900 ;0 ;4.08 ;24.1 ;0 ;0 ;13 ;26.9;
147 ;1:35.20 ;4050 ;6 ;0.804 ;20.6 ;0.0 ;0.900 ;0 ;3.94 ;23.9 ;0 ;0 ;13 ;29.6;
147 ;1:35.30 ;3888 ;5 ;0.815 ;21.4 ;0.0 ;0.900 ;0 ;3.80 ;22.0 ;0 ;0 ;12 ;25.9;
147 ;1:35.40 ;3768 ;3 ;0.794 ;22.1 ;0.0 ;0.900 ;0 ;3.43 ;17.7 ;0 ;0 ;10 ;20.8;
147 ;1:35.50 ;3675 ;0 ;0.788 ;20.6 ;0.0 ;0.900 ;0 ;2.73 ;10.0 ;0 ;0 ;8 ;18.5;
147 ;1:35.60 ;3824 ;0 ;0.793 ;20.5 ;0.0 ;0.900 ;0 ;2.76 ;10.4 ;0 ;0 ;8 ;20.1;
147 ;1:35.70 ;4019 ;0 ;0.792 ;20.6 ;0.0 ;0.900 ;0 ;2.80 ;11.0 ;0 ;0 ;9 ;20.9;
147 ;1:35.80 ;4119 ;0 ;0.788 ;19.9 ;0.0 ;0.900 ;0 ;2.79 ;11.4 ;0 ;0 ;9 ;22.2;
147 ;1:35.90 ;3986 ;0 ;0.785 ;20.7 ;0.0 ;0.900 ;0 ;2.79 ;10.9 ;0 ;0 ;9 ;20.7;
147 ;1:36.00 ;4150 ;0 ;0.791 ;20.6 ;0.0 ;0.900 ;0 ;2.79 ;11.6 ;0 ;0 ;9 ;20.2;
147 ;1:36.10 ;4235 ;0 ;0.795 ;20.7 ;0.0 ;0.900 ;0 ;2.78 ;11.9 ;0 ;0 ;9 ;19.6;
147 ;1:36.20 ;4300 ;0 ;0.816 ;20.9 ;0.0 ;0.900 ;0 ;2.77 ;12.2 ;0 ;0 ;10 ;19.9;
147 ;1:36.30 ;4357 ;0 ;0.825 ;22.5 ;0.0 ;0.900 ;0 ;2.77 ;12.4 ;0 ;0 ;10 ;19.8;
147 ;1:36.40 ;4492 ;0 ;0.831 ;23.5 ;0.0 ;0.900 ;0 ;2.76 ;12.9 ;0 ;0 ;10 ;21.5;
147 ;1:36.50 ;4714 ;0 ;0.837 ;22.9 ;0.0 ;0.900 ;0 ;2.73 ;13.8 ;0 ;0 ;10 ;20.1;
147 ;1:36.60 ;4737 ;0 ;0.840 ;23.3 ;0.0 ;0.900 ;0 ;2.73 ;13.9 ;0 ;0 ;10 ;20.0;
147 ;1:36.70 ;4778 ;0 ;0.806 ;25.2 ;0.0 ;0.900 ;0 ;2.73 ;14.1 ;0 ;0 ;10 ;22.0;
147 ;1:36.80 ;5141 ;0 ;0.788 ;24.9 ;0.0 ;0.900 ;0 ;2.70 ;15.7 ;0 ;0 ;11 ;20.7;
147 ;1:36.90 ;4872 ;0 ;0.907 ;25.8 ;0.0 ;0.900 ;0 ;2.72 ;14.4 ;0 ;0 ;11 ;17.9;
147 ;1:37.00 ;4328 ;0 ;0.878 ;28.0 ;0.0 ;0.900 ;0 ;2.77 ;12.3 ;0 ;0 ;10 ;15.4;
147 ;1:37.10 ;4022 ;0 ;0.901 ;30.1 ;0.0 ;0.900 ;0 ;2.80 ;11.0 ;0 ;0 ;9 ;13.4;
147 ;1:37.20 ;3788 ;0 ;0.954 ;30.5 ;0.0 ;0.900 ;0 ;2.75 ;10.3 ;0 ;0 ;8 ;12.1;
147 ;1:37.30 ;3914 ;0 ;0.958 ;34.2 ;0.0 ;0.900 ;0 ;2.78 ;10.7 ;0 ;0 ;9 ;13.3;
147 ;1:37.40 ;4175 ;0 ;1.000 ;36.0 ;0.0 ;0.900 ;0 ;2.79 ;11.7 ;0 ;0 ;9 ;12.7;
147 ;1:37.50 ;4291 ;0 ;1.028 ;35.9 ;0.0 ;0.900 ;0 ;2.78 ;12.1 ;0 ;0 ;9 ;12.9;
147 ;1:37.60 ;4339 ;0 ;1.038 ;35.5 ;0.0 ;0.900 ;0 ;2.77 ;12.3 ;0 ;0 ;10 ;12.5;
147 ;1:37.70 ;4419 ;0 ;1.022 ;38.3 ;0.0 ;0.900 ;0 ;2.76 ;12.6 ;0 ;0 ;10 ;11.7;
147 ;1:37.80 ;4715 ;0 ;1.024 ;37.0 ;0.0 ;0.900 ;0 ;2.73 ;13.8 ;0 ;0 ;10 ;13.0;
147 ;1:37.90 ;4943 ;0 ;1.030 ;41.5 ;0.0 ;0.900 ;0 ;2.71 ;14.7 ;0 ;0 ;11 ;12.7;
147 ;1:38.00 ;5009 ;0 ;1.020 ;42.4 ;0.0 ;0.900 ;0 ;2.70 ;15.0 ;0 ;0 ;11 ;12.5;
147 ;1:38.10 ;5182 ;0 ;1.036 ;42.5 ;0.0 ;0.900 ;0 ;2.70 ;15.9 ;0 ;0 ;11 ;12.3;
147 ;1:38.20 ;5290 ;0 ;0.963 ;44.3 ;0.0 ;0.900 ;0 ;2.70 ;16.4 ;0 ;0 ;11 ;11.9;
147 ;1:38.30 ;5500 ;0 ;0.898 ;44.4 ;0.0 ;0.900 ;0 ;2.70 ;17.5 ;0 ;0 ;12 ;12.2;
147 ;1:38.40 ;5476 ;0 ;0.812 ;45.3 ;0.0 ;0.900 ;0 ;2.70 ;17.3 ;0 ;0 ;12 ;12.6;
147 ;1:38.50 ;5506 ;0 ;0.722 ;47.1 ;0.0 ;0.900 ;0 ;2.70 ;17.5 ;0 ;0 ;12 ;11.0;
147 ;1:38.60 ;5322 ;1 ;0.700 ;45.0 ;0.0 ;0.900 ;0 ;2.94 ;20.3 ;0 ;0 ;13 ;13.9;
147 ;1:38.70 ;5726 ;8 ;0.761 ;47.7 ;0.0 ;0.900 ;0 ;3.80 ;45.8 ;0 ;0 ;18 ;17.2;
147 ;1:38.80 ;5647 ;22 ;0.771 ;46.4 ;0.0 ;0.900 ;0 ;5.54 ;37.0 ;0 ;0 ;26 ;27.6;
147 ;1:38.90 ;5524 ;27 ;0.786 ;44.9 ;0.0 ;0.900 ;0 ;5.85 ;35.0 ;0 ;0 ;27 ;27.4;
147 ;1:39.00 ;5598 ;31 ;0.755 ;46.6 ;0.0 ;0.900 ;0 ;6.01 ;35.1 ;0 ;0 ;28 ;26.7;
147 ;1:39.10 ;5513 ;32 ;0.840 ;42.5 ;0.0 ;0.900 ;0 ;6.08 ;35.1 ;0 ;0 ;28 ;32.2;
147 ;1:39.20 ;5907 ;32 ;0.925 ;41.5 ;0.0 ;0.900 ;0 ;5.94 ;35.1 ;0 ;0 ;29 ;30.7;
147 ;1:39.30 ;6202 ;31 ;0.712 ;40.5 ;0.0 ;0.900 ;0 ;5.76 ;37.5 ;0 ;0 ;30 ;32.8;
147 ;1:39.40 ;5939 ;30 ;0.682 ;41.9 ;0.0 ;0.900 ;0 ;5.85 ;35.3 ;0 ;1 ;29 ;32.8;
147 ;1:39.50 ;6129 ;30 ;0.704 ;41.6 ;0.0 ;0.900 ;0 ;5.76 ;36.9 ;0 ;0 ;29 ;32.6;
147 ;1:39.60 ;5885 ;30 ;0.738 ;41.5 ;0.0 ;0.900 ;0 ;5.87 ;35.3 ;0 ;0 ;29 ;33.5;
147 ;1:39.70 ;5714 ;30 ;0.713 ;40.4 ;0.0 ;0.900 ;0 ;5.93 ;35.2 ;0 ;0 ;28 ;31.9;
147 ;1:39.80 ;5707 ;30 ;0.714 ;39.4 ;0.0 ;0.900 ;0 ;5.93 ;35.2 ;0 ;0 ;28 ;31.4;
147 ;1:39.90 ;5899 ;30 ;0.711 ;37.4 ;0.0 ;0.900 ;0 ;5.86 ;35.3 ;0 ;0 ;29 ;35.3;
147 ;1:40.00 ;5988 ;30 ;0.739 ;31.6 ;0.0 ;0.900 ;0 ;5.84 ;35.3 ;0 ;0 ;29 ;37.7;
147 ;1:40.10 ;5988 ;30 ;0.750 ;33.4 ;0.0 ;0.900 ;0 ;5.84 ;35.3 ;0 ;0 ;28 ;35.7;
147 ;1:40.20 ;6105 ;30 ;0.757 ;33.2 ;0.0 ;0.900 ;0 ;5.77 ;36.6 ;0 ;0 ;29 ;40.2;
147 ;1:40.30 ;5785 ;30 ;0.839 ;32.1 ;0.0 ;0.900 ;0 ;5.90 ;35.2 ;0 ;0 ;27 ;39.2;
147 ;1:40.40 ;5316 ;30 ;0.958 ;31.0 ;0.0 ;0.900 ;0 ;6.05 ;34.8 ;0 ;0 ;26 ;36.6;
147 ;1:40.50 ;5690 ;30 ;0.753 ;30.6 ;0.0 ;0.900 ;0 ;5.93 ;21.2 ;0 ;0 ;28 ;40.4;
147 ;1:40.60 ;6075 ;29 ;0.717 ;28.9 ;0.0 ;0.900 ;0 ;5.75 ;36.4 ;0 ;0 ;29 ;43.1;
147 ;1:40.70 ;5716 ;26 ;0.716 ;29.8 ;0.0 ;0.900 ;0 ;5.76 ;35.4 ;0 ;0 ;27 ;43.1;
147 ;1:40.80 ;5774 ;26 ;0.730 ;28.6 ;0.0 ;0.900 ;0 ;5.74 ;35.5 ;0 ;0 ;27 ;42.6;
147 ;1:40.90 ;5597 ;24 ;0.723 ;27.5 ;0.0 ;0.900 ;0 ;5.68 ;35.8 ;0 ;0 ;26 ;43.6;
147 ;1:41.00 ;5477 ;23 ;0.733 ;26.7 ;0.0 ;0.900 ;0 ;5.65 ;36.1 ;0 ;0 ;26 ;45.8;
147 ;1:41.10 ;5099 ;20 ;0.726 ;24.5 ;0.0 ;0.900 ;0 ;5.55 ;36.6 ;0 ;0 ;23 ;42.4;
147 ;1:41.20 ;5078 ;17 ;0.744 ;23.1 ;0.0 ;0.900 ;0 ;5.19 ;38.2 ;0 ;0 ;21 ;40.6;
147 ;1:41.30 ;4744 ;13 ;0.746 ;22.7 ;0.0 ;0.900 ;0 ;4.26 ;37.2 ;0 ;0 ;16 ;33.3;
147 ;1:41.40 ;4742 ;12 ;0.754 ;21.8 ;0.0 ;0.900 ;0 ;4.25 ;36.1 ;0 ;0 ;16 ;33.7;
147 ;1:41.50 ;4523 ;11 ;0.754 ;22.3 ;0.0 ;0.900 ;0 ;4.24 ;33.0 ;0 ;0 ;16 ;33.6;
147 ;1:41.60 ;4408 ;11 ;0.739 ;20.9 ;0.0 ;0.900 ;0 ;4.24 ;31.9 ;0 ;0 ;15 ;30.9;
147 ;1:41.70 ;4411 ;11 ;0.733 ;20.5 ;0.0 ;0.900 ;0 ;4.24 ;31.9 ;0 ;0 ;15 ;34.8;
147 ;1:41.80 ;4204 ;11 ;0.716 ;18.9 ;0.0 ;0.900 ;0 ;4.23 ;29.9 ;0 ;0 ;14 ;33.5;
147 ;1:41.90 ;3887 ;11 ;0.723 ;18.3 ;0.0 ;0.900 ;0 ;4.23 ;27.8 ;0 ;0 ;13 ;32.8;
147 ;1:42.00 ;3868 ;11 ;0.728 ;18.0 ;0.0 ;0.900 ;0 ;4.23 ;27.7 ;0 ;0 ;13 ;34.2;
147 ;1:42.10 ;4140 ;11 ;0.718 ;17.5 ;0.0 ;0.900 ;0 ;4.23 ;29.3 ;0 ;0 ;14 ;39.6;
147 ;1:42.20 ;4297 ;11 ;0.720 ;15.7 ;0.0 ;0.900 ;0 ;4.23 ;30.8 ;0 ;0 ;15 ;42.5;
147 ;1:42.30 ;4354 ;11 ;0.728 ;15.7 ;0.0 ;0.900 ;0 ;4.23 ;31.4 ;0 ;0 ;15 ;42.5;
147 ;1:42.40 ;4200 ;11 ;0.727 ;14.9 ;0.0 ;0.900 ;0 ;4.23 ;29.9 ;0 ;0 ;14 ;46.5;
147 ;1:42.50 ;4327 ;11 ;0.725 ;14.6 ;0.0 ;0.900 ;0 ;4.23 ;31.1 ;0 ;0 ;15 ;47.6;
147 ;1:42.60 ;4625 ;11 ;0.719 ;13.4 ;0.0 ;0.900 ;0 ;4.24 ;34.3 ;0 ;0 ;16 ;54.8;
147 ;1:42.70 ;4810 ;11 ;0.721 ;12.5 ;0.0 ;0.900 ;0 ;4.25 ;35.9 ;0 ;0 ;17 ;55.7;
147 ;1:42.80 ;4986 ;11 ;0.714 ;12.5 ;0.0 ;0.900 ;0 ;4.25 ;37.6 ;0 ;0 ;17 ;64.0;
147 ;1:42.90 ;5100 ;11 ;0.716 ;12.0 ;0.0 ;0.900 ;0 ;4.22 ;39.4 ;0 ;0 ;18 ;68.9;
147 ;1:43.00 ;5179 ;11 ;0.704 ;11.3 ;0.0 ;0.900 ;0 ;4.19 ;40.6 ;0 ;0 ;18 ;71.3;
147 ;1:43.10 ;5255 ;11 ;0.707 ;10.8 ;0.0 ;0.900 ;0 ;4.16 ;41.9 ;0 ;0 ;18 ;76.6;
147 ;1:43.20 ;5269 ;11 ;0.707 ;10.5 ;0.0 ;0.900 ;0 ;4.16 ;42.1 ;0 ;0 ;18 ;77.5;
147 ;1:43.30 ;5319 ;11 ;0.705 ;10.0 ;0.0 ;0.900 ;0 ;4.14 ;42.9 ;0 ;0 ;18 ;87.3;
147 ;1:43.40 ;5370 ;11 ;0.711 ;9.4 ;0.0 ;0.900 ;0 ;4.11 ;43.7 ;0 ;0 ;18 ;91.3;
147 ;1:43.50 ;5437 ;11 ;0.707 ;9.0 ;0.0 ;0.900 ;0 ;4.09 ;44.8 ;0 ;0 ;18 ;93.3;
147 ;1:43.60 ;5492 ;11 ;0.708 ;7.8 ;0.0 ;0.900 ;0 ;4.07 ;45.7 ;0 ;0 ;18 ;107.6;
147 ;1:43.70 ;5447 ;11 ;0.712 ;7.2 ;0.0 ;0.900 ;0 ;4.09 ;45.0 ;0 ;0 ;18 ;118.3;
147 ;1:43.80 ;5381 ;11 ;0.713 ;6.7 ;0.0 ;0.900 ;0 ;4.11 ;43.9 ;0 ;0 ;18 ;125.3;
147 ;1:43.90 ;5380 ;11 ;0.715 ;6.3 ;0.0 ;0.900 ;0 ;4.11 ;43.9 ;0 ;0 ;18 ;133.3;
147 ;1:44.00 ;5442 ;11 ;0.704 ;5.5 ;0.0 ;0.900 ;0 ;4.09 ;44.9 ;0 ;0 ;18 ;152.7;
147 ;1:44.10 ;5603 ;11 ;0.724 ;4.9 ;0.0 ;0.900 ;0 ;4.02 ;47.5 ;0 ;0 ;18 ;173.4;
147 ;1:44.20 ;5617 ;11 ;0.727 ;4.2 ;0.0 ;0.900 ;0 ;4.02 ;47.7 ;0 ;0 ;19 ;202.3;
147 ;1:44.30 ;5605 ;11 ;0.503 ;4.1 ;0.0 ;0.900 ;0 ;4.02 ;47.5 ;0 ;0 ;18 ;229.7;
147 ;1:44.40 ;5560 ;11 ;0.504 ;3.3 ;0.0 ;0.900 ;0 ;4.04 ;46.8 ;0 ;0 ;18 ;257.5;
147 ;1:44.50 ;5568 ;11 ;0.500 ;3.1 ;0.0 ;0.900 ;0 ;4.04 ;46.9 ;0 ;0 ;18 ;274.1;
147 ;1:44.60 ;5686 ;11 ;0.505 ;2.6 ;0.0 ;0.900 ;0 ;3.99 ;48.8 ;0 ;0 ;19 ;330.7;
147 ;1:44.70 ;5712 ;11 ;0.505 ;2.0 ;0.0 ;0.900 ;0 ;3.99 ;49.3 ;0 ;0 ;19 ;0.0;
147 ;1:44.80 ;5652 ;11 ;0.505 ;1.7 ;0.0 ;0.900 ;0 ;4.00 ;48.3 ;0 ;0 ;19 ;0.0;
147 ;1:44.90 ;5695 ;11 ;0.504 ;1.7 ;0.0 ;0.900 ;0 ;3.99 ;49.0 ;0 ;0 ;18 ;0.0;
147 ;1:45.00 ;5548 ;11 ;0.501 ;1.0 ;0.0 ;0.900 ;0 ;4.05 ;46.6 ;0 ;0 ;18 ;0.0;
147 ;1:45.10 ;6667 ;10 ;0.500 ;0.7 ;0.0 ;0.900 ;0 ;3.52 ;54.8 ;0 ;0 ;19 ;0.0;
147 ;1:45.20 ;5408 ;10 ;0.503 ;0.7 ;0.0 ;0.900 ;0 ;4.06 ;43.3 ;0 ;0 ;18 ;0.0;
147 ;1:45.30 ;4115 ;10 ;0.500 ;0.7 ;0.0 ;0.900 ;0 ;4.23 ;28.1 ;0 ;0 ;14 ;0.0;
147 ;1:45.40 ;2758 ;10 ;0.506 ;0.7 ;0.0 ;0.900 ;0 ;4.23 ;24.3 ;0 ;0 ;10 ;0.0;
147 ;1:45.50 ;1902 ;10 ;0.503 ;0.7 ;0.0 ;0.900 ;0 ;4.38 ;23.0 ;0 ;0 ;10 ;0.0;
147 ;1:45.60 ;1453 ;10 ;0.500 ;1.0 ;0.0 ;0.900 ;0 ;4.96 ;19.0 ;0 ;0 ;12 ;0.0;
147 ;1:45.70 ;1192 ;10 ;0.502 ;1.0 ;0.0 ;0.900 ;0 ;4.96 ;19.0 ;0 ;0 ;12 ;0.0;
147 ;1:45.80 ;570 ;10 ;0.504 ;1.0 ;0.0 ;0.900 ;0 ;4.96 ;19.0 ;0 ;0 ;12 ;0.0;
147 ;1:45.90 ;506 ;10 ;0.506 ;1.0 ;0.0 ;0.900 ;0 ;4.96 ;19.0 ;0 ;0 ;12 ;0.0;
147 ;1:46.00 ;569 ;10 ;0.500 ;1.3 ;0.0 ;0.900 ;0 ;4.96 ;19.0 ;0 ;0 ;12 ;0.0;
147 ;1:46.10 ;500 ;10 ;0.506 ;1.3 ;0.0 ;0.900 ;0 ;4.96 ;19.0 ;0 ;0 ;12 ;0.0;
147 ;1:46.20 ;136 ;10 ;0.504 ;1.3 ;0.0 ;0.900 ;0 ;4.96 ;19.0 ;0 ;0 ;12 ;0.0;
147 ;1:46.30 ;0 ;10 ;0.502 ;1.7 ;0.0 ;0.900 ;0 ;0.00 ;0.0 ;0 ;0 ;0 ;0.0;
147 ;1:46.40 ;0 ;10 ;0.500 ;1.7 ;0.0 ;0.900 ;0 ;0.00 ;0.0 ;0 ;0 ;0 ;0.0;
147 ;1:46.50 ;0 ;10 ;0.504 ;1.9 ;0.0 ;0.900 ;0 ;0.00 ;0.0 ;0 ;0 ;0 ;0.0;
147 ;1:46.60 ;574 ;10 ;0.798 ;3.9 ;0.0 ;0.900 ;0 ;4.96 ;19.0 ;0 ;0 ;12 ;23.8;
147 ;1:46.70 ;574 ;10 ;0.796 ;4.2 ;0.0 ;0.900 ;0 ;4.96 ;19.0 ;0 ;0 ;12 ;22.7;
147 ;1:46.80 ;574 ;10 ;0.801 ;4.4 ;0.0 ;0.900 ;0 ;4.96 ;19.0 ;0 ;0 ;12 ;20.0;
147 ;1:46.90 ;574 ;6 ;0.800 ;4.5 ;0.0 ;0.900 ;0 ;4.56 ;13.0 ;0 ;0 ;11 ;36.5;
147 ;1:47.00 ;923 ;5 ;0.796 ;3.9 ;0.0 ;0.900 ;0 ;4.56 ;12.0 ;0 ;0 ;11 ;69.4;
147 ;1:47.10 ;1603 ;5 ;0.774 ;3.6 ;0.0 ;0.900 ;0 ;4.41 ;12.4 ;0 ;0 ;11 ;103.2;
147 ;1:47.20 ;2385 ;5 ;0.752 ;3.1 ;0.0 ;0.900 ;0 ;3.80 ;14.0 ;0 ;0 ;9 ;157.6;
147 ;1:47.30 ;3039 ;5 ;0.760 ;2.6 ;0.0 ;0.900 ;0 ;3.80 ;16.6 ;0 ;0 ;9 ;0.0;
147 ;1:47.40 ;3777 ;5 ;0.780 ;1.9 ;0.0 ;0.900 ;0 ;3.80 ;21.3 ;0 ;0 ;12 ;0.0;
147 ;1:47.50 ;4107 ;4 ;0.827 ;0.6 ;0.0 ;0.900 ;0 ;3.66 ;22.8 ;0 ;0 ;12 ;0.0;
