SESSION; TIME;RPM;THROT;LAMB;L U SP;L D SP;TAR LB;SLIP%;INJ;ADV;LAUC S;SHIF A;INJ %;L/100K;

149 ;0:00.10 ;2215 ;0 ;0.896 ;2.3 ;0.0 ;0.900 ;0 ;2.93 ;6.4 ;0 ;0 ;7 ;104.3;
149 ;0:00.20 ;2124 ;0 ;0.883 ;2.3 ;0.0 ;0.900 ;0 ;3.01 ;6.2 ;0 ;0 ;7 ;71.8;
149 ;0:00.30 ;2068 ;0 ;0.896 ;3.2 ;0.0 ;0.900 ;0 ;3.05 ;6.1 ;0 ;0 ;7 ;71.8;
149 ;0:00.40 ;2039 ;0 ;0.896 ;3.5 ;0.0 ;0.900 ;0 ;3.07 ;6.0 ;0 ;0 ;7 ;62.1;
149 ;0:00.50 ;2022 ;0 ;0.894 ;3.7 ;0.0 ;0.900 ;0 ;3.09 ;6.0 ;0 ;0 ;7 ;54.7;
149 ;0:00.60 ;1963 ;0 ;0.889 ;4.3 ;0.0 ;0.900 ;0 ;3.12 ;5.9 ;0 ;0 ;7 ;48.8;
149 ;0:00.70 ;1892 ;0 ;0.894 ;4.6 ;0.0 ;0.900 ;0 ;3.15 ;5.7 ;0 ;0 ;7 ;45.8;
149 ;0:00.80 ;1998 ;0 ;0.901 ;5.2 ;0.0 ;0.900 ;0 ;3.11 ;5.9 ;0 ;0 ;7 ;42.3;
149 ;0:00.90 ;2042 ;0 ;0.894 ;5.3 ;0.0 ;0.900 ;0 ;3.07 ;6.0 ;0 ;0 ;7 ;40.0;
149 ;0:01.00 ;2025 ;0 ;0.896 ;5.8 ;0.0 ;0.900 ;0 ;3.08 ;6.0 ;0 ;0 ;7 ;39.2;
149 ;0:01.10 ;1988 ;0 ;0.896 ;5.8 ;0.0 ;0.900 ;0 ;3.11 ;5.9 ;0 ;0 ;7 ;36.2;
149 ;0:01.20 ;1952 ;0 ;0.893 ;5.9 ;0.0 ;0.900 ;0 ;3.12 ;5.9 ;0 ;0 ;7 ;34.9;
149 ;0:01.30 ;1907 ;0 ;0.904 ;6.0 ;0.0 ;0.900 ;0 ;3.14 ;5.8 ;0 ;0 ;7 ;33.8;
149 ;0:01.40 ;1944 ;0 ;0.908 ;6.4 ;0.0 ;0.900 ;0 ;3.13 ;5.8 ;0 ;0 ;7 ;35.9;
149 ;0:01.50 ;1962 ;0 ;0.926 ;6.9 ;0.0 ;0.900 ;0 ;3.12 ;5.9 ;0 ;0 ;7 ;30.4;
149 ;0:01.60 ;1942 ;0 ;0.922 ;7.1 ;0.0 ;0.900 ;0 ;3.13 ;5.8 ;0 ;0 ;7 ;31.8;
149 ;0:01.70 ;2006 ;0 ;0.919 ;6.8 ;0.0 ;0.900 ;0 ;3.10 ;6.0 ;0 ;0 ;7 ;31.4;
149 ;0:01.80 ;1960 ;0 ;0.933 ;7.3 ;0.0 ;0.900 ;0 ;3.12 ;5.9 ;0 ;0 ;7 ;29.3;
149 ;0:01.90 ;1959 ;0 ;0.924 ;7.6 ;0.0 ;0.900 ;0 ;3.12 ;5.9 ;0 ;0 ;7 ;30.6;
149 ;0:02.00 ;1853 ;0 ;0.914 ;7.6 ;0.0 ;0.900 ;0 ;3.16 ;5.7 ;0 ;0 ;7 ;28.2;
149 ;0:02.10 ;1745 ;0 ;0.913 ;8.0 ;0.0 ;0.900 ;0 ;3.21 ;5.4 ;0 ;0 ;8 ;28.2;
149 ;0:02.20 ;1588 ;0 ;0.917 ;8.6 ;0.0 ;0.900 ;0 ;3.27 ;5.1 ;0 ;0 ;8 ;26.2;
149 ;0:02.30 ;1522 ;0 ;0.919 ;8.6 ;0.0 ;0.900 ;0 ;3.30 ;5.0 ;0 ;0 ;8 ;23.4;
149 ;0:02.40 ;1656 ;0 ;0.916 ;8.3 ;0.0 ;0.900 ;0 ;3.24 ;5.3 ;0 ;0 ;8 ;21.4;
149 ;0:02.50 ;1642 ;0 ;0.924 ;8.4 ;0.0 ;0.900 ;0 ;3.25 ;5.2 ;0 ;0 ;8 ;23.8;
149 ;0:02.60 ;1652 ;0 ;0.925 ;8.6 ;0.0 ;0.900 ;0 ;3.24 ;5.3 ;0 ;0 ;8 ;23.2;
149 ;0:02.70 ;1523 ;0 ;0.922 ;8.4 ;0.0 ;0.900 ;0 ;3.30 ;5.0 ;0 ;0 ;8 ;25.0;
149 ;0:02.80 ;1572 ;0 ;0.923 ;8.8 ;0.0 ;0.900 ;0 ;3.28 ;5.1 ;0 ;0 ;8 ;24.0;
149 ;0:02.90 ;1632 ;0 ;0.928 ;8.6 ;0.0 ;0.900 ;0 ;3.25 ;5.2 ;0 ;0 ;8 ;23.1;
149 ;0:03.00 ;1627 ;0 ;0.930 ;8.7 ;0.0 ;0.900 ;0 ;3.25 ;5.2 ;0 ;0 ;8 ;25.0;
149 ;0:03.10 ;1563 ;0 ;0.940 ;8.0 ;0.0 ;0.900 ;0 ;3.28 ;5.1 ;0 ;0 ;8 ;25.0;
149 ;0:03.20 ;1585 ;0 ;0.933 ;8.3 ;0.0 ;0.900 ;0 ;3.27 ;5.1 ;0 ;0 ;8 ;23.4;
149 ;0:03.30 ;1592 ;0 ;0.924 ;8.3 ;0.0 ;0.900 ;0 ;3.27 ;5.1 ;0 ;0 ;8 ;22.9;
149 ;0:03.40 ;1572 ;0 ;0.940 ;8.1 ;0.0 ;0.900 ;0 ;3.28 ;5.1 ;0 ;0 ;8 ;23.7;
149 ;0:03.50 ;1667 ;0 ;0.923 ;8.4 ;0.0 ;0.900 ;0 ;3.24 ;5.3 ;0 ;0 ;8 ;25.3;
149 ;0:03.60 ;1662 ;0 ;0.924 ;8.1 ;0.0 ;0.900 ;0 ;3.24 ;5.3 ;0 ;0 ;8 ;25.6;
149 ;0:03.70 ;1643 ;0 ;0.936 ;8.1 ;0.0 ;0.900 ;0 ;3.25 ;5.2 ;0 ;0 ;8 ;24.6;
149 ;0:03.80 ;1691 ;0 ;0.940 ;7.9 ;0.0 ;0.900 ;0 ;3.23 ;5.3 ;0 ;0 ;8 ;24.6;
149 ;0:03.90 ;1698 ;0 ;0.949 ;7.6 ;0.0 ;0.900 ;0 ;3.23 ;5.3 ;0 ;0 ;8 ;24.3;
149 ;0:04.00 ;1642 ;0 ;0.943 ;7.7 ;0.0 ;0.900 ;0 ;3.25 ;5.2 ;0 ;0 ;8 ;24.6;
149 ;0:04.10 ;1411 ;0 ;0.946 ;7.7 ;0.0 ;0.900 ;0 ;3.30 ;5.0 ;0 ;0 ;8 ;24.6;
149 ;0:04.20 ;1494 ;0 ;0.948 ;7.6 ;0.0 ;0.900 ;0 ;3.30 ;5.0 ;0 ;0 ;8 ;22.2;
149 ;0:04.30 ;1637 ;0 ;0.950 ;7.6 ;0.0 ;0.900 ;0 ;3.25 ;5.2 ;0 ;0 ;8 ;25.0;
149 ;0:04.40 ;1576 ;0 ;0.970 ;7.4 ;0.0 ;0.900 ;0 ;3.27 ;5.1 ;0 ;0 ;8 ;25.0;
149 ;0:04.50 ;1669 ;0 ;0.981 ;7.2 ;0.0 ;0.900 ;0 ;3.24 ;5.3 ;0 ;0 ;8 ;26.6;
149 ;0:04.60 ;1660 ;0 ;0.988 ;7.3 ;0.0 ;0.900 ;0 ;3.24 ;5.3 ;0 ;0 ;8 ;26.0;
149 ;0:04.70 ;1589 ;0 ;1.002 ;7.4 ;0.0 ;0.900 ;0 ;3.27 ;5.1 ;0 ;0 ;8 ;27.3;
149 ;0:04.80 ;1631 ;0 ;0.989 ;7.4 ;0.0 ;0.900 ;0 ;3.25 ;5.2 ;0 ;0 ;8 ;26.3;
149 ;0:04.90 ;1489 ;0 ;0.996 ;7.3 ;0.0 ;0.900 ;0 ;3.30 ;5.0 ;0 ;0 ;8 ;24.6;
149 ;0:05.00 ;1529 ;0 ;0.966 ;7.1 ;0.0 ;0.900 ;0 ;3.29 ;5.0 ;0 ;0 ;8 ;22.0;
149 ;0:05.10 ;1450 ;0 ;0.965 ;7.4 ;0.0 ;0.900 ;0 ;3.30 ;5.0 ;0 ;0 ;8 ;22.9;
149 ;0:05.20 ;1397 ;0 ;0.948 ;7.0 ;0.0 ;0.900 ;0 ;3.30 ;5.0 ;0 ;0 ;8 ;24.6;
149 ;0:05.30 ;1463 ;0 ;0.942 ;7.0 ;0.0 ;0.900 ;0 ;3.30 ;5.0 ;0 ;0 ;8 ;21.3;
149 ;0:05.40 ;1546 ;0 ;0.992 ;6.8 ;0.0 ;0.900 ;0 ;3.29 ;5.0 ;0 ;0 ;8 ;23.1;
149 ;0:05.50 ;1354 ;0 ;1.017 ;7.0 ;0.0 ;0.900 ;0 ;3.30 ;5.0 ;0 ;0 ;8 ;24.2;
149 ;0:05.60 ;1222 ;0 ;1.022 ;7.0 ;0.0 ;0.900 ;0 ;3.30 ;5.0 ;0 ;0 ;8 ;19.7;
149 ;0:05.70 ;1384 ;0 ;1.029 ;6.8 ;0.0 ;0.900 ;0 ;3.30 ;5.0 ;0 ;0 ;8 ;22.3;
149 ;0:05.80 ;1398 ;0 ;1.038 ;6.5 ;0.0 ;0.900 ;0 ;3.30 ;5.0 ;0 ;0 ;8 ;27.2;
149 ;0:05.90 ;1583 ;0 ;1.049 ;6.3 ;0.0 ;0.900 ;0 ;3.27 ;5.1 ;0 ;0 ;8 ;30.3;
149 ;0:06.00 ;1884 ;0 ;1.036 ;6.5 ;0.0 ;0.900 ;0 ;3.15 ;5.7 ;0 ;0 ;7 ;37.7;
149 ;0:06.10 ;2087 ;0 ;1.045 ;6.0 ;0.0 ;0.900 ;0 ;3.04 ;6.1 ;0 ;0 ;7 ;36.9;
149 ;0:06.20 ;2178 ;0 ;1.036 ;6.2 ;0.0 ;0.900 ;0 ;2.96 ;6.3 ;0 ;0 ;7 ;38.7;
149 ;0:06.30 ;2183 ;0 ;1.024 ;6.3 ;0.0 ;0.900 ;0 ;2.96 ;6.3 ;0 ;0 ;7 ;38.0;
149 ;0:06.40 ;2268 ;0 ;1.046 ;6.3 ;0.0 ;0.900 ;0 ;2.89 ;6.5 ;0 ;0 ;7 ;38.0;
149 ;0:06.50 ;2313 ;0 ;1.052 ;6.4 ;0.0 ;0.900 ;0 ;2.85 ;6.6 ;0 ;0 ;7 ;36.3;
149 ;0:06.60 ;2274 ;0 ;1.037 ;6.4 ;0.0 ;0.900 ;0 ;2.89 ;6.5 ;0 ;0 ;7 ;36.3;
149 ;0:06.70 ;2139 ;0 ;1.008 ;6.3 ;0.0 ;0.900 ;0 ;2.99 ;6.2 ;0 ;0 ;7 ;37.5;
149 ;0:06.80 ;2196 ;0 ;0.974 ;6.7 ;0.0 ;0.900 ;0 ;2.95 ;6.3 ;0 ;0 ;7 ;36.9;
149 ;0:06.90 ;2281 ;0 ;0.966 ;6.7 ;0.0 ;0.900 ;0 ;2.88 ;6.5 ;0 ;0 ;7 ;35.8;
149 ;0:07.00 ;2208 ;0 ;0.989 ;6.9 ;0.0 ;0.900 ;0 ;2.94 ;6.4 ;0 ;0 ;7 ;33.3;
149 ;0:07.10 ;2223 ;0 ;1.002 ;6.7 ;0.0 ;0.900 ;0 ;2.93 ;6.4 ;0 ;0 ;7 ;33.3;
149 ;0:07.20 ;2060 ;0 ;1.051 ;7.2 ;0.0 ;0.900 ;0 ;3.06 ;6.1 ;0 ;0 ;7 ;33.3;
149 ;0:07.30 ;1971 ;0 ;1.051 ;7.3 ;0.0 ;0.900 ;0 ;3.12 ;5.9 ;0 ;0 ;7 ;31.5;
149 ;0:07.40 ;1901 ;0 ;1.053 ;7.6 ;0.0 ;0.900 ;0 ;3.14 ;5.8 ;0 ;0 ;7 ;28.9;
149 ;0:07.50 ;1847 ;0 ;1.026 ;7.4 ;0.0 ;0.900 ;0 ;3.17 ;5.6 ;0 ;0 ;7 ;29.3;
149 ;0:07.60 ;1876 ;0 ;1.013 ;7.9 ;0.0 ;0.900 ;0 ;3.15 ;5.7 ;0 ;0 ;7 ;28.9;
149 ;0:07.70 ;1783 ;0 ;0.996 ;8.0 ;0.0 ;0.900 ;0 ;3.19 ;5.5 ;0 ;0 ;7 ;26.2;
149 ;0:07.80 ;1808 ;0 ;1.000 ;8.0 ;0.0 ;0.900 ;0 ;3.18 ;5.6 ;0 ;0 ;7 ;25.9;
149 ;0:07.90 ;1626 ;0 ;0.998 ;8.2 ;0.0 ;0.900 ;0 ;3.25 ;5.2 ;0 ;0 ;8 ;25.3;
149 ;0:08.00 ;1752 ;0 ;0.986 ;8.1 ;0.0 ;0.900 ;0 ;3.20 ;5.5 ;0 ;0 ;8 ;25.3;
149 ;0:08.10 ;1565 ;0 ;0.969 ;8.3 ;0.0 ;0.900 ;0 ;3.28 ;5.1 ;0 ;0 ;8 ;23.8;
149 ;0:08.20 ;1485 ;0 ;0.987 ;8.3 ;0.0 ;0.900 ;0 ;3.30 ;5.0 ;0 ;0 ;8 ;22.0;
149 ;0:08.30 ;1597 ;0 ;0.998 ;8.4 ;0.0 ;0.900 ;0 ;3.27 ;5.1 ;0 ;0 ;8 ;21.5;
149 ;0:08.40 ;1618 ;0 ;1.001 ;8.8 ;0.0 ;0.900 ;0 ;3.26 ;5.2 ;0 ;0 ;8 ;24.1;
149 ;0:08.50 ;1650 ;0 ;1.020 ;9.0 ;0.0 ;0.900 ;0 ;3.24 ;5.3 ;0 ;0 ;8 ;22.2;
149 ;0:08.60 ;1801 ;0 ;1.024 ;8.9 ;0.0 ;0.900 ;0 ;3.18 ;5.6 ;0 ;0 ;7 ;25.0;
149 ;0:08.70 ;1933 ;0 ;1.025 ;8.8 ;0.0 ;0.900 ;0 ;3.13 ;5.8 ;0 ;0 ;7 ;24.4;
149 ;0:08.80 ;2042 ;0 ;0.992 ;9.0 ;0.0 ;0.900 ;0 ;3.07 ;6.0 ;0 ;0 ;7 ;25.5;
149 ;0:08.90 ;2155 ;0 ;0.954 ;9.3 ;0.0 ;0.900 ;0 ;2.98 ;6.3 ;0 ;0 ;7 ;26.6;
149 ;0:09.00 ;2114 ;0 ;0.929 ;9.6 ;0.0 ;0.900 ;0 ;3.01 ;6.2 ;0 ;0 ;7 ;26.3;
149 ;0:09.10 ;2116 ;0 ;0.912 ;9.6 ;0.0 ;0.900 ;0 ;3.01 ;6.2 ;0 ;0 ;7 ;25.5;
149 ;0:09.20 ;2266 ;0 ;0.927 ;9.4 ;0.0 ;0.900 ;0 ;2.89 ;6.5 ;0 ;0 ;7 ;25.7;
149 ;0:09.30 ;2426 ;0 ;0.917 ;9.5 ;0.0 ;0.900 ;0 ;2.76 ;6.8 ;0 ;0 ;6 ;26.8;
149 ;0:09.40 ;2549 ;0 ;0.915 ;9.7 ;0.0 ;0.900 ;0 ;2.70 ;7.0 ;0 ;0 ;6 ;26.0;
149 ;0:09.50 ;2627 ;0 ;0.898 ;10.1 ;0.0 ;0.900 ;0 ;2.68 ;7.2 ;0 ;0 ;6 ;28.1;
149 ;0:09.60 ;2743 ;0 ;0.895 ;10.3 ;0.0 ;0.900 ;0 ;2.66 ;7.4 ;0 ;0 ;6 ;28.5;
149 ;0:09.70 ;2881 ;0 ;0.899 ;10.4 ;0.0 ;0.900 ;0 ;2.64 ;7.7 ;0 ;0 ;6 ;27.6;
149 ;0:09.80 ;2981 ;0 ;0.902 ;10.0 ;0.0 ;0.900 ;0 ;2.62 ;7.9 ;0 ;0 ;6 ;28.4;
149 ;0:09.90 ;2994 ;0 ;0.900 ;10.1 ;0.0 ;0.900 ;0 ;2.62 ;7.9 ;0 ;0 ;6 ;27.8;
149 ;0:10.00 ;3105 ;0 ;0.903 ;10.5 ;0.0 ;0.900 ;0 ;2.62 ;8.3 ;0 ;0 ;6 ;27.5;
149 ;0:10.10 ;3067 ;0 ;0.905 ;10.5 ;0.0 ;0.900 ;0 ;2.62 ;8.2 ;0 ;0 ;6 ;29.8;
149 ;0:10.20 ;3111 ;0 ;0.908 ;10.5 ;0.0 ;0.900 ;0 ;2.63 ;8.3 ;0 ;0 ;6 ;27.0;
149 ;0:10.30 ;3086 ;0 ;0.918 ;10.9 ;0.0 ;0.900 ;0 ;2.62 ;8.2 ;0 ;0 ;6 ;26.7;
149 ;0:10.40 ;3130 ;0 ;0.908 ;10.7 ;0.0 ;0.900 ;0 ;2.63 ;8.3 ;0 ;0 ;6 ;27.9;
149 ;0:10.50 ;3178 ;0 ;0.896 ;11.3 ;0.0 ;0.900 ;0 ;2.64 ;8.5 ;0 ;0 ;7 ;26.9;
149 ;0:10.60 ;3184 ;0 ;0.915 ;11.6 ;0.0 ;0.900 ;0 ;2.64 ;8.5 ;0 ;0 ;7 ;28.0;
149 ;0:10.70 ;3266 ;0 ;0.915 ;11.9 ;0.0 ;0.900 ;0 ;2.66 ;8.7 ;0 ;0 ;7 ;26.9;
149 ;0:10.80 ;3213 ;0 ;0.904 ;11.7 ;0.0 ;0.900 ;0 ;2.65 ;8.6 ;0 ;0 ;7 ;27.1;
149 ;0:10.90 ;3224 ;0 ;0.908 ;11.8 ;0.0 ;0.900 ;0 ;2.65 ;8.6 ;0 ;0 ;7 ;26.8;
149 ;0:11.00 ;3248 ;0 ;0.905 ;12.0 ;0.0 ;0.900 ;0 ;2.65 ;8.7 ;0 ;0 ;7 ;26.0;
149 ;0:11.10 ;3207 ;0 ;0.913 ;11.9 ;0.0 ;0.900 ;0 ;2.64 ;8.6 ;0 ;0 ;7 ;27.1;
149 ;0:11.20 ;3196 ;0 ;0.901 ;12.3 ;0.0 ;0.900 ;0 ;2.64 ;8.5 ;0 ;0 ;7 ;25.8;
149 ;0:11.30 ;3209 ;0 ;0.881 ;11.6 ;0.0 ;0.900 ;0 ;2.64 ;8.6 ;0 ;0 ;7 ;26.0;
149 ;0:11.40 ;3212 ;0 ;0.865 ;11.9 ;0.0 ;0.900 ;0 ;2.65 ;8.6 ;0 ;0 ;7 ;25.8;
149 ;0:11.50 ;3195 ;0 ;0.857 ;12.0 ;0.0 ;0.900 ;0 ;2.64 ;8.5 ;0 ;0 ;7 ;26.2;
149 ;0:11.60 ;3217 ;0 ;0.869 ;12.1 ;0.0 ;0.900 ;0 ;2.65 ;8.6 ;0 ;0 ;7 ;25.8;
149 ;0:11.70 ;3253 ;0 ;0.901 ;12.1 ;0.0 ;0.900 ;0 ;2.65 ;8.7 ;0 ;0 ;7 ;24.2;
149 ;0:11.80 ;3296 ;0 ;0.914 ;13.2 ;0.0 ;0.900 ;0 ;2.66 ;8.8 ;0 ;0 ;7 ;25.3;
149 ;0:11.90 ;3286 ;0 ;0.903 ;13.0 ;0.0 ;0.900 ;0 ;2.66 ;8.8 ;0 ;0 ;7 ;26.5;
149 ;0:12.00 ;3363 ;0 ;0.889 ;14.3 ;0.0 ;0.900 ;0 ;2.67 ;9.0 ;0 ;0 ;7 ;21.4;
149 ;0:12.10 ;3317 ;0 ;0.869 ;16.1 ;0.0 ;0.900 ;0 ;2.67 ;8.9 ;0 ;0 ;7 ;20.0;
149 ;0:12.20 ;3316 ;0 ;0.835 ;16.8 ;0.0 ;0.900 ;0 ;2.67 ;8.9 ;0 ;0 ;7 ;20.3;
149 ;0:12.30 ;3306 ;0 ;0.868 ;16.6 ;0.0 ;0.900 ;0 ;2.66 ;8.9 ;0 ;0 ;7 ;19.4;
149 ;0:12.40 ;3299 ;0 ;0.900 ;17.1 ;0.0 ;0.900 ;0 ;2.66 ;8.8 ;0 ;0 ;7 ;18.8;
149 ;0:12.50 ;3222 ;0 ;0.928 ;17.6 ;0.0 ;0.900 ;0 ;2.65 ;8.6 ;0 ;0 ;7 ;18.0;
149 ;0:12.60 ;3192 ;0 ;0.927 ;17.9 ;0.0 ;0.900 ;0 ;2.64 ;8.5 ;0 ;0 ;7 ;18.1;
149 ;0:12.70 ;3272 ;0 ;0.914 ;19.4 ;0.0 ;0.900 ;0 ;2.66 ;8.8 ;0 ;0 ;7 ;16.8;
149 ;0:12.80 ;3274 ;0 ;0.905 ;20.8 ;0.0 ;0.900 ;0 ;2.66 ;8.8 ;0 ;0 ;7 ;15.6;
149 ;0:12.90 ;3284 ;0 ;0.889 ;21.8 ;0.0 ;0.900 ;0 ;2.66 ;8.8 ;0 ;0 ;7 ;14.8;
149 ;0:13.00 ;3233 ;0 ;0.878 ;22.0 ;0.0 ;0.900 ;0 ;2.65 ;8.6 ;0 ;0 ;7 ;15.2;
149 ;0:13.10 ;3278 ;0 ;0.845 ;22.8 ;0.0 ;0.900 ;0 ;2.66 ;8.8 ;0 ;0 ;7 ;14.2;
149 ;0:13.20 ;3303 ;0 ;0.835 ;22.4 ;0.0 ;0.900 ;0 ;2.66 ;8.9 ;0 ;0 ;7 ;13.9;
149 ;0:13.30 ;3305 ;0 ;0.829 ;22.3 ;0.0 ;0.900 ;0 ;2.66 ;8.9 ;0 ;0 ;7 ;13.5;
149 ;0:13.40 ;3369 ;0 ;0.823 ;21.6 ;0.0 ;0.900 ;0 ;2.68 ;9.1 ;0 ;0 ;7 ;14.9;
149 ;0:13.50 ;3414 ;0 ;0.825 ;24.5 ;0.0 ;0.900 ;0 ;2.68 ;9.2 ;0 ;0 ;7 ;14.5;
149 ;0:13.60 ;3475 ;0 ;0.803 ;23.9 ;0.0 ;0.900 ;0 ;2.70 ;9.3 ;0 ;0 ;7 ;14.2;
149 ;0:13.70 ;3520 ;0 ;0.792 ;24.8 ;0.0 ;0.900 ;0 ;2.70 ;9.5 ;0 ;0 ;7 ;13.5;
149 ;0:13.80 ;3543 ;0 ;0.791 ;27.4 ;0.0 ;0.900 ;0 ;2.71 ;9.6 ;0 ;0 ;8 ;13.1;
149 ;0:13.90 ;3617 ;0 ;0.792 ;27.1 ;0.0 ;0.900 ;0 ;2.72 ;9.8 ;0 ;0 ;8 ;13.4;
149 ;0:14.00 ;3696 ;0 ;0.792 ;27.2 ;0.0 ;0.900 ;0 ;2.74 ;10.0 ;0 ;0 ;8 ;13.1;
149 ;0:14.10 ;3791 ;0 ;0.785 ;28.1 ;0.0 ;0.900 ;0 ;2.76 ;10.3 ;0 ;0 ;8 ;14.0;
149 ;0:14.20 ;3978 ;0 ;0.793 ;27.9 ;0.0 ;0.900 ;0 ;2.79 ;10.9 ;0 ;0 ;9 ;14.8;
149 ;0:14.30 ;4070 ;0 ;0.784 ;29.2 ;0.0 ;0.900 ;0 ;2.80 ;11.2 ;0 ;0 ;9 ;15.1;
149 ;0:14.40 ;4161 ;0 ;0.785 ;28.6 ;0.0 ;0.900 ;0 ;2.79 ;11.6 ;0 ;0 ;9 ;14.5;
149 ;0:14.50 ;4223 ;0 ;0.790 ;29.5 ;0.0 ;0.900 ;0 ;2.78 ;11.8 ;0 ;0 ;9 ;15.3;
149 ;0:14.60 ;4276 ;0 ;0.785 ;29.6 ;0.0 ;0.900 ;0 ;2.78 ;12.1 ;0 ;0 ;9 ;15.2;
149 ;0:14.70 ;4289 ;0 ;0.793 ;30.5 ;0.0 ;0.900 ;0 ;2.78 ;12.1 ;0 ;0 ;10 ;15.2;
149 ;0:14.80 ;4432 ;0 ;0.796 ;30.1 ;0.0 ;0.900 ;0 ;2.76 ;12.7 ;0 ;0 ;10 ;14.7;
149 ;0:14.90 ;4409 ;0 ;0.795 ;30.1 ;0.0 ;0.900 ;0 ;2.76 ;12.6 ;0 ;0 ;10 ;14.4;
149 ;0:15.00 ;4546 ;0 ;0.805 ;30.8 ;0.0 ;0.900 ;0 ;2.75 ;13.1 ;0 ;0 ;10 ;14.7;
149 ;0:15.10 ;4556 ;0 ;0.800 ;31.2 ;0.0 ;0.900 ;0 ;2.75 ;13.2 ;0 ;0 ;10 ;15.0;
149 ;0:15.20 ;4698 ;0 ;0.819 ;32.0 ;0.0 ;0.900 ;0 ;2.74 ;13.7 ;0 ;0 ;10 ;14.2;
149 ;0:15.30 ;4675 ;0 ;0.840 ;33.3 ;0.0 ;0.900 ;0 ;2.74 ;13.7 ;0 ;0 ;10 ;14.7;
149 ;0:15.40 ;4805 ;0 ;0.842 ;33.8 ;0.0 ;0.900 ;0 ;2.72 ;14.2 ;0 ;0 ;10 ;15.0;
149 ;0:15.50 ;4871 ;0 ;0.847 ;34.2 ;0.0 ;0.900 ;0 ;2.72 ;14.4 ;0 ;0 ;11 ;15.2;
149 ;0:15.60 ;4917 ;0 ;0.845 ;35.4 ;0.0 ;0.900 ;0 ;2.71 ;14.6 ;0 ;0 ;11 ;14.7;
149 ;0:15.70 ;5066 ;0 ;0.868 ;34.6 ;0.0 ;0.900 ;0 ;2.70 ;15.3 ;0 ;0 ;11 ;14.6;
149 ;0:15.80 ;5047 ;0 ;0.899 ;34.7 ;0.0 ;0.900 ;0 ;2.70 ;15.2 ;0 ;0 ;11 ;14.8;
149 ;0:15.90 ;5250 ;0 ;0.938 ;36.3 ;0.0 ;0.900 ;0 ;2.70 ;16.2 ;0 ;0 ;11 ;14.4;
149 ;0:16.00 ;5237 ;0 ;0.960 ;36.8 ;0.0 ;0.900 ;0 ;2.70 ;16.3 ;0 ;0 ;11 ;15.2;
149 ;0:16.10 ;5331 ;0 ;0.991 ;37.7 ;0.0 ;0.900 ;0 ;2.70 ;16.6 ;0 ;0 ;12 ;14.8;
149 ;0:16.20 ;5455 ;0 ;1.021 ;37.4 ;0.0 ;0.900 ;0 ;2.70 ;17.2 ;0 ;0 ;12 ;14.8;
149 ;0:16.30 ;5537 ;0 ;1.089 ;38.2 ;0.0 ;0.900 ;0 ;2.70 ;17.6 ;0 ;0 ;12 ;14.2;
149 ;0:16.40 ;5605 ;0 ;1.094 ;40.2 ;0.0 ;0.900 ;0 ;2.70 ;18.0 ;0 ;0 ;12 ;14.6;
149 ;0:16.50 ;5785 ;0 ;1.103 ;40.4 ;0.0 ;0.900 ;0 ;2.70 ;18.9 ;0 ;0 ;13 ;15.0;
149 ;0:16.60 ;5771 ;0 ;1.106 ;41.0 ;0.0 ;0.900 ;0 ;2.70 ;18.8 ;0 ;0 ;13 ;14.3;
149 ;0:16.70 ;5975 ;0 ;1.110 ;43.1 ;0.0 ;0.900 ;0 ;2.70 ;19.8 ;0 ;0 ;13 ;14.6;
149 ;0:16.80 ;6119 ;0 ;1.121 ;41.3 ;0.0 ;0.900 ;0 ;2.70 ;21.1 ;0 ;0 ;13 ;13.5;
149 ;0:16.90 ;6313 ;0 ;1.118 ;43.8 ;0.0 ;0.900 ;0 ;2.70 ;23.1 ;0 ;0 ;14 ;14.8;
149 ;0:17.00 ;6392 ;0 ;1.112 ;43.7 ;0.0 ;0.900 ;0 ;2.70 ;23.9 ;0 ;0 ;14 ;14.2;
149 ;0:17.10 ;6604 ;0 ;1.109 ;45.6 ;0.0 ;0.900 ;0 ;2.70 ;26.2 ;0 ;0 ;15 ;14.1;
149 ;0:17.20 ;6850 ;0 ;1.091 ;49.1 ;0.0 ;0.900 ;0 ;2.70 ;28.5 ;0 ;0 ;15 ;14.4;
149 ;0:17.30 ;6985 ;0 ;1.068 ;47.1 ;0.0 ;0.900 ;0 ;2.70 ;29.8 ;0 ;0 ;15 ;15.1;
149 ;0:17.40 ;7094 ;0 ;1.025 ;51.8 ;0.0 ;0.900 ;0 ;2.70 ;31.8 ;0 ;0 ;16 ;14.6;
149 ;0:17.50 ;7192 ;0 ;0.974 ;51.6 ;0.0 ;0.900 ;0 ;2.70 ;33.8 ;0 ;0 ;16 ;14.2;
149 ;0:17.60 ;6941 ;0 ;0.935 ;52.2 ;0.0 ;0.900 ;0 ;2.70 ;29.4 ;0 ;0 ;15 ;12.9;
149 ;0:17.70 ;7222 ;0 ;0.994 ;53.8 ;0.0 ;0.900 ;0 ;2.70 ;34.4 ;0 ;0 ;16 ;14.1;
149 ;0:17.80 ;8374 ;0 ;0.758 ;51.4 ;0.0 ;0.900 ;0 ;2.70 ;57.4 ;0 ;0 ;19 ;17.4;
149 ;0:17.90 ;10307 ;23 ;0.701 ;52.8 ;0.0 ;0.900 ;0 ;4.95 ;47.2 ;0 ;0 ;43 ;51.3;
149 ;0:18.00 ;11274 ;53 ;0.703 ;51.3 ;0.0 ;0.900 ;0 ;7.12 ;45.0 ;0 ;0 ;68 ;59.9;
149 ;0:18.10 ;10888 ;56 ;0.769 ;51.5 ;0.0 ;0.900 ;0 ;7.21 ;44.9 ;0 ;0 ;66 ;59.2;
149 ;0:18.20 ;10364 ;58 ;0.824 ;49.3 ;0.0 ;0.900 ;0 ;7.19 ;42.8 ;0 ;0 ;63 ;57.1;
149 ;0:18.30 ;10010 ;59 ;1.179 ;48.8 ;0.0 ;0.900 ;0 ;7.16 ;41.7 ;0 ;0 ;60 ;49.8;
149 ;0:18.40 ;9309 ;59 ;0.818 ;46.7 ;0.0 ;0.900 ;0 ;6.67 ;44.7 ;0 ;0 ;51 ;43.3;
149 ;0:18.50 ;9630 ;59 ;0.783 ;47.9 ;0.0 ;0.900 ;0 ;6.89 ;43.3 ;0 ;1 ;55 ;50.8;
149 ;0:18.60 ;8988 ;59 ;0.744 ;43.8 ;0.0 ;0.900 ;0 ;6.45 ;46.0 ;0 ;0 ;49 ;51.5;
149 ;0:18.70 ;8585 ;59 ;0.736 ;40.9 ;0.0 ;0.900 ;0 ;6.34 ;47.1 ;0 ;0 ;45 ;49.3;
149 ;0:18.80 ;7961 ;59 ;0.728 ;38.4 ;0.0 ;0.900 ;0 ;6.17 ;48.3 ;0 ;0 ;41 ;47.1;
149 ;0:18.90 ;7572 ;59 ;0.690 ;38.0 ;0.0 ;0.900 ;0 ;6.05 ;45.3 ;0 ;0 ;38 ;48.2;
149 ;0:19.00 ;6906 ;59 ;0.680 ;35.3 ;0.0 ;0.900 ;0 ;5.95 ;40.1 ;0 ;0 ;34 ;47.1;
149 ;0:19.10 ;6713 ;58 ;0.767 ;35.7 ;0.0 ;0.900 ;0 ;6.05 ;38.8 ;0 ;0 ;34 ;49.8;
149 ;0:19.20 ;6394 ;57 ;0.928 ;30.5 ;0.0 ;0.900 ;0 ;6.23 ;36.3 ;0 ;0 ;33 ;49.5;
149 ;0:19.30 ;5996 ;57 ;0.995 ;26.7 ;29.1 ;0.900 ;8 ;6.46 ;33.2 ;0 ;0 ;32 ;55.5;
149 ;0:19.40 ;5540 ;57 ;1.076 ;25.0 ;26.9 ;0.900 ;7 ;6.58 ;34.1 ;0 ;0 ;30 ;57.2;
149 ;0:19.50 ;4977 ;56 ;1.037 ;22.5 ;23.6 ;0.900 ;4 ;6.69 ;34.8 ;0 ;0 ;27 ;52.0;
149 ;0:19.60 ;4186 ;54 ;0.996 ;23.2 ;20.3 ;0.900 ;-12 ;6.36 ;30.9 ;0 ;0 ;22 ;43.8;
149 ;0:19.70 ;4630 ;54 ;0.948 ;20.1 ;22.5 ;0.900 ;11 ;6.53 ;33.1 ;0 ;0 ;25 ;55.1;
149 ;0:19.80 ;5215 ;54 ;0.855 ;19.7 ;25.3 ;0.900 ;28 ;6.63 ;-3.2 ;0 ;0 ;29 ;77.0;
149 ;0:19.90 ;6169 ;54 ;0.879 ;16.7 ;29.9 ;0.900 ;79 ;6.33 ;-4.6 ;0 ;0 ;32 ;92.0;
149 ;0:20.00 ;6623 ;54 ;0.935 ;15.2 ;32.2 ;0.900 ;111 ;6.07 ;1.1 ;0 ;0 ;33 ;102.0;
149 ;0:20.10 ;6783 ;54 ;1.036 ;13.6 ;32.9 ;0.900 ;141 ;5.97 ;6.6 ;0 ;0 ;34 ;110.0;
149 ;0:20.20 ;6759 ;54 ;1.134 ;11.8 ;32.8 ;0.900 ;177 ;5.99 ;10.4 ;0 ;0 ;34 ;134.1;
149 ;0:20.30 ;7017 ;54 ;1.254 ;11.2 ;34.1 ;0.900 ;204 ;5.84 ;18.5 ;0 ;0 ;34 ;140.3;
149 ;0:20.40 ;6873 ;54 ;1.251 ;10.5 ;33.4 ;0.900 ;218 ;5.92 ;22.1 ;0 ;0 ;34 ;158.7;
149 ;0:20.50 ;6890 ;54 ;1.346 ;8.9 ;33.8 ;0.900 ;279 ;5.91 ;27.5 ;0 ;0 ;35 ;171.1;
149 ;0:20.60 ;7059 ;54 ;0.879 ;8.4 ;34.4 ;0.900 ;309 ;5.86 ;32.4 ;0 ;0 ;34 ;193.6;
149 ;0:20.70 ;6885 ;53 ;0.913 ;6.7 ;33.4 ;0.900 ;398 ;5.90 ;35.9 ;0 ;0 ;34 ;234.3;
149 ;0:20.80 ;6260 ;49 ;1.073 ;5.9 ;30.4 ;0.900 ;415 ;6.22 ;35.3 ;0 ;0 ;32 ;256.1;
149 ;0:20.90 ;5742 ;45 ;1.105 ;4.8 ;27.9 ;0.900 ;481 ;6.39 ;34.3 ;0 ;0 ;30 ;357.8;
149 ;0:21.00 ;5301 ;42 ;1.106 ;1.9 ;25.7 ;0.900 ;1252 ;6.47 ;34.3 ;0 ;0 ;28 ;0.0;
149 ;0:21.10 ;5881 ;39 ;1.250 ;0.0 ;0.0 ;0.900 ;0 ;6.23 ;34.8 ;0 ;0 ;30 ;0.0;
149 ;0:21.20 ;5920 ;36 ;1.498 ;0.0 ;0.0 ;0.900 ;0 ;6.10 ;34.9 ;0 ;0 ;30 ;0.0;
149 ;0:21.30 ;5894 ;33 ;1.498 ;0.0 ;0.0 ;0.900 ;0 ;5.99 ;35.0 ;0 ;0 ;29 ;0.0;
149 ;0:21.40 ;5992 ;29 ;1.498 ;0.0 ;0.0 ;0.900 ;0 ;5.80 ;35.4 ;0 ;0 ;29 ;0.0;
149 ;0:21.50 ;5954 ;29 ;1.498 ;0.0 ;0.0 ;0.900 ;0 ;5.81 ;35.4 ;0 ;0 ;29 ;0.0;
149 ;0:21.60 ;6101 ;29 ;1.498 ;0.0 ;0.0 ;0.900 ;0 ;5.73 ;36.7 ;0 ;0 ;29 ;0.0;
149 ;0:21.70 ;6034 ;29 ;1.498 ;0.0 ;0.0 ;0.900 ;0 ;5.77 ;35.9 ;0 ;0 ;28 ;0.0;
149 ;0:21.80 ;5929 ;29 ;1.498 ;0.0 ;0.0 ;0.900 ;0 ;5.82 ;35.4 ;0 ;0 ;29 ;0.0;
149 ;0:21.90 ;6149 ;29 ;1.498 ;0.0 ;0.0 ;0.900 ;0 ;5.70 ;37.4 ;0 ;0 ;29 ;0.0;
149 ;0:22.00 ;6042 ;29 ;1.498 ;0.0 ;0.0 ;0.900 ;0 ;5.77 ;36.0 ;0 ;0 ;29 ;0.0;
149 ;0:22.10 ;5905 ;29 ;1.498 ;0.0 ;0.0 ;0.900 ;0 ;5.82 ;35.4 ;0 ;0 ;29 ;0.0;
149 ;0:22.20 ;6093 ;28 ;1.498 ;0.0 ;0.0 ;0.900 ;0 ;5.70 ;36.8 ;0 ;0 ;28 ;0.0;
149 ;0:22.30 ;5950 ;28 ;1.498 ;0.0 ;0.0 ;0.900 ;0 ;5.77 ;35.5 ;0 ;0 ;29 ;0.0;
149 ;0:22.40 ;6105 ;28 ;1.498 ;0.0 ;0.0 ;0.900 ;0 ;5.69 ;37.0 ;0 ;0 ;28 ;0.0;
149 ;0:22.50 ;6131 ;28 ;1.472 ;0.0 ;0.0 ;0.900 ;0 ;5.67 ;37.3 ;0 ;0 ;28 ;0.0;
149 ;0:22.60 ;5948 ;28 ;1.181 ;0.0 ;0.0 ;0.900 ;0 ;5.77 ;35.5 ;0 ;0 ;29 ;0.0;
149 ;0:22.70 ;6099 ;28 ;1.361 ;0.0 ;0.0 ;0.900 ;0 ;5.69 ;36.9 ;0 ;0 ;29 ;0.0;
149 ;0:22.80 ;5975 ;28 ;1.140 ;0.0 ;0.0 ;0.900 ;0 ;5.76 ;35.5 ;0 ;0 ;28 ;0.0;
149 ;0:22.90 ;5982 ;28 ;0.966 ;0.0 ;0.0 ;0.900 ;0 ;5.76 ;35.5 ;0 ;0 ;29 ;0.0;
149 ;0:23.00 ;5926 ;27 ;0.940 ;0.0 ;0.0 ;0.900 ;0 ;5.78 ;35.4 ;0 ;0 ;27 ;0.0;
149 ;0:23.10 ;4040 ;26 ;1.004 ;0.0 ;0.0 ;0.900 ;0 ;5.83 ;30.1 ;0 ;0 ;19 ;0.0;
149 ;0:23.20 ;2688 ;19 ;0.998 ;0.0 ;0.0 ;0.900 ;0 ;5.44 ;30.0 ;0 ;0 ;13 ;0.0;
149 ;0:23.30 ;2282 ;6 ;0.989 ;0.0 ;0.0 ;0.900 ;0 ;3.94 ;16.0 ;0 ;0 ;9 ;0.0;
149 ;0:23.40 ;2321 ;0 ;0.983 ;0.0 ;0.0 ;0.900 ;0 ;2.85 ;6.6 ;0 ;0 ;7 ;0.0;
149 ;0:23.50 ;2318 ;0 ;0.970 ;0.0 ;0.0 ;0.900 ;0 ;2.85 ;6.6 ;0 ;0 ;7 ;0.0;
149 ;0:23.60 ;2366 ;0 ;0.990 ;0.0 ;0.0 ;0.900 ;0 ;2.81 ;6.7 ;0 ;0 ;7 ;0.0;
149 ;0:23.70 ;2394 ;0 ;0.996 ;0.0 ;0.0 ;0.900 ;0 ;2.79 ;6.7 ;0 ;0 ;6 ;0.0;
149 ;0:23.80 ;2419 ;0 ;1.002 ;0.0 ;0.0 ;0.900 ;0 ;2.77 ;6.8 ;0 ;0 ;6 ;0.0;
149 ;0:23.90 ;2497 ;0 ;0.980 ;0.0 ;0.0 ;0.900 ;0 ;2.71 ;6.9 ;0 ;0 ;6 ;0.0;
149 ;0:24.00 ;2513 ;0 ;0.999 ;0.0 ;0.0 ;0.900 ;0 ;2.70 ;7.0 ;0 ;0 ;6 ;0.0;
149 ;0:24.10 ;2555 ;0 ;0.999 ;0.0 ;0.0 ;0.900 ;0 ;2.70 ;7.1 ;0 ;0 ;6 ;0.0;
149 ;0:24.20 ;2558 ;0 ;1.012 ;0.0 ;0.0 ;0.900 ;0 ;2.69 ;7.1 ;0 ;0 ;6 ;0.0;
149 ;0:24.30 ;2511 ;0 ;1.026 ;0.0 ;0.0 ;0.900 ;0 ;2.70 ;7.0 ;0 ;0 ;6 ;0.0;
149 ;0:24.40 ;2492 ;0 ;1.021 ;0.0 ;0.0 ;0.900 ;0 ;2.71 ;6.9 ;0 ;0 ;6 ;0.0;
149 ;0:24.50 ;2469 ;0 ;1.033 ;0.0 ;0.0 ;0.900 ;0 ;2.73 ;6.9 ;0 ;0 ;6 ;0.0;
149 ;0:24.60 ;2554 ;0 ;1.029 ;0.0 ;0.0 ;0.900 ;0 ;2.70 ;7.1 ;0 ;0 ;6 ;0.0;
149 ;0:24.70 ;2494 ;0 ;1.018 ;0.0 ;0.0 ;0.900 ;0 ;2.71 ;6.9 ;0 ;0 ;6 ;0.0;
149 ;0:24.80 ;2403 ;0 ;1.018 ;0.0 ;0.0 ;0.900 ;0 ;2.78 ;6.8 ;0 ;0 ;6 ;0.0;
149 ;0:24.90 ;2301 ;0 ;1.012 ;0.0 ;0.0 ;0.900 ;0 ;2.86 ;6.6 ;0 ;0 ;7 ;0.0;
149 ;0:25.00 ;2352 ;0 ;1.009 ;0.0 ;0.0 ;0.900 ;0 ;2.82 ;6.7 ;0 ;0 ;7 ;0.0;
149 ;0:25.10 ;2290 ;0 ;1.002 ;0.0 ;0.0 ;0.900 ;0 ;2.87 ;6.5 ;0 ;0 ;7 ;0.0;
149 ;0:25.20 ;2319 ;0 ;1.013 ;0.0 ;0.0 ;0.900 ;0 ;2.85 ;6.6 ;0 ;0 ;7 ;0.0;
149 ;0:25.30 ;2359 ;0 ;1.023 ;0.0 ;0.0 ;0.900 ;0 ;2.82 ;6.7 ;0 ;0 ;7 ;0.0;
149 ;0:25.40 ;2391 ;0 ;1.032 ;0.0 ;0.0 ;0.900 ;0 ;2.79 ;6.7 ;0 ;0 ;6 ;0.0;
149 ;0:25.50 ;2408 ;0 ;1.038 ;0.0 ;0.0 ;0.900 ;0 ;2.78 ;6.8 ;0 ;0 ;6 ;0.0;
149 ;0:25.60 ;2339 ;0 ;1.034 ;0.0 ;0.0 ;0.900 ;0 ;2.83 ;6.6 ;0 ;0 ;7 ;0.0;
149 ;0:25.70 ;2270 ;0 ;1.013 ;0.0 ;0.0 ;0.900 ;0 ;2.89 ;6.5 ;0 ;0 ;7 ;0.0;
149 ;0:25.80 ;2319 ;0 ;1.040 ;0.0 ;0.0 ;0.900 ;0 ;2.85 ;6.6 ;0 ;0 ;7 ;0.0;
149 ;0:25.90 ;2286 ;0 ;1.038 ;0.0 ;0.0 ;0.900 ;0 ;2.88 ;6.5 ;0 ;0 ;7 ;0.0;
149 ;0:26.00 ;2344 ;0 ;1.048 ;0.0 ;0.0 ;0.900 ;0 ;2.83 ;6.6 ;0 ;0 ;7 ;0.0;
149 ;0:26.10 ;2353 ;0 ;1.042 ;0.0 ;0.0 ;0.900 ;0 ;2.82 ;6.7 ;1 ;0 ;7 ;0.0;
149 ;0:26.20 ;2325 ;0 ;1.043 ;0.0 ;0.0 ;0.900 ;0 ;2.84 ;6.6 ;1 ;0 ;7 ;0.0;
149 ;0:26.30 ;2254 ;0 ;1.022 ;0.0 ;0.0 ;0.900 ;0 ;2.90 ;6.5 ;1 ;0 ;7 ;0.0;
149 ;0:26.40 ;2285 ;0 ;1.019 ;0.0 ;0.0 ;0.900 ;0 ;2.88 ;6.5 ;1 ;0 ;7 ;0.0;
149 ;0:26.50 ;2247 ;0 ;1.025 ;0.0 ;0.0 ;0.900 ;0 ;2.91 ;6.4 ;1 ;0 ;7 ;0.0;
149 ;0:26.60 ;2251 ;0 ;1.024 ;0.0 ;0.0 ;0.900 ;0 ;2.90 ;6.5 ;1 ;0 ;7 ;0.0;
149 ;0:26.70 ;2291 ;0 ;1.024 ;0.0 ;0.0 ;0.900 ;0 ;2.87 ;6.5 ;1 ;0 ;7 ;0.0;
149 ;0:26.80 ;2279 ;0 ;1.024 ;0.0 ;0.0 ;0.900 ;0 ;2.88 ;6.5 ;0 ;0 ;7 ;0.0;
149 ;0:26.90 ;2275 ;0 ;1.027 ;0.0 ;0.0 ;0.900 ;0 ;2.88 ;6.5 ;0 ;0 ;7 ;0.0;
149 ;0:27.00 ;2267 ;0 ;1.028 ;0.0 ;0.0 ;0.900 ;0 ;2.89 ;6.5 ;0 ;0 ;7 ;0.0;
149 ;0:27.10 ;2268 ;0 ;1.013 ;0.0 ;0.0 ;0.900 ;0 ;2.89 ;6.5 ;0 ;0 ;7 ;0.0;
149 ;0:27.20 ;2302 ;0 ;1.011 ;0.0 ;0.0 ;0.900 ;0 ;2.86 ;6.6 ;0 ;0 ;7 ;0.0;
149 ;0:27.30 ;2401 ;0 ;1.009 ;0.0 ;0.0 ;0.900 ;0 ;2.78 ;6.8 ;0 ;0 ;6 ;0.0;
149 ;0:27.40 ;2406 ;0 ;1.004 ;0.0 ;0.0 ;0.900 ;0 ;2.78 ;6.8 ;0 ;0 ;6 ;0.0;
149 ;0:27.50 ;2418 ;0 ;1.017 ;0.0 ;0.0 ;0.900 ;0 ;2.77 ;6.8 ;0 ;0 ;6 ;0.0;
149 ;0:27.60 ;2418 ;0 ;1.028 ;0.0 ;0.0 ;0.900 ;0 ;2.77 ;6.8 ;0 ;0 ;6 ;0.0;
149 ;0:27.70 ;2380 ;0 ;1.021 ;0.0 ;0.0 ;0.900 ;0 ;2.80 ;6.7 ;0 ;0 ;7 ;0.0;
149 ;0:27.80 ;2365 ;0 ;1.011 ;0.0 ;0.0 ;0.900 ;0 ;2.81 ;6.7 ;0 ;0 ;7 ;0.0;
149 ;0:27.90 ;2344 ;0 ;1.011 ;0.0 ;0.0 ;0.900 ;0 ;2.83 ;6.6 ;0 ;0 ;7 ;0.0;
149 ;0:28.00 ;2310 ;0 ;1.001 ;0.0 ;0.0 ;0.900 ;0 ;2.86 ;6.6 ;0 ;0 ;7 ;0.0;
149 ;0:28.10 ;2253 ;0 ;1.018 ;0.0 ;0.0 ;0.900 ;0 ;2.90 ;6.5 ;0 ;0 ;7 ;0.0;
149 ;0:28.20 ;2306 ;0 ;1.004 ;0.0 ;0.0 ;0.900 ;0 ;2.86 ;6.6 ;0 ;0 ;7 ;0.0;
149 ;0:28.30 ;2348 ;0 ;0.998 ;0.0 ;0.0 ;0.900 ;0 ;2.83 ;6.6 ;0 ;0 ;7 ;0.0;
149 ;0:28.40 ;2407 ;0 ;1.012 ;0.0 ;0.0 ;0.900 ;0 ;2.78 ;6.8 ;0 ;0 ;6 ;0.0;
149 ;0:28.50 ;2509 ;0 ;1.016 ;0.0 ;0.0 ;0.900 ;0 ;2.70 ;7.0 ;0 ;0 ;6 ;0.0;
149 ;0:28.60 ;2480 ;0 ;1.007 ;0.0 ;0.0 ;0.900 ;0 ;2.72 ;6.9 ;0 ;0 ;6 ;0.0;
149 ;0:28.70 ;2405 ;0 ;1.007 ;0.0 ;0.0 ;0.900 ;0 ;2.78 ;6.8 ;0 ;0 ;6 ;0.0;
149 ;0:28.80 ;2387 ;0 ;1.011 ;0.0 ;0.0 ;0.900 ;0 ;2.80 ;6.7 ;0 ;0 ;7 ;0.0;
149 ;0:28.90 ;2377 ;0 ;1.027 ;0.0 ;0.0 ;0.900 ;0 ;2.80 ;6.7 ;0 ;0 ;7 ;0.0;
149 ;0:29.00 ;2399 ;0 ;1.019 ;0.0 ;0.0 ;0.900 ;0 ;2.79 ;6.7 ;0 ;0 ;6 ;0.0;
149 ;0:29.10 ;2431 ;0 ;0.984 ;0.0 ;0.0 ;0.900 ;0 ;2.76 ;6.8 ;0 ;0 ;6 ;0.0;
149 ;0:29.20 ;2396 ;0 ;0.941 ;0.0 ;0.0 ;0.900 ;0 ;2.79 ;6.7 ;0 ;0 ;6 ;0.0;
149 ;0:29.30 ;2416 ;0 ;0.914 ;0.0 ;0.0 ;0.900 ;0 ;2.77 ;6.8 ;0 ;0 ;6 ;0.0;
149 ;0:29.40 ;2354 ;0 ;0.904 ;0.0 ;0.0 ;0.900 ;0 ;2.82 ;6.7 ;0 ;0 ;7 ;0.0;
149 ;0:29.50 ;2269 ;0 ;0.910 ;0.0 ;0.0 ;0.900 ;0 ;2.89 ;6.5 ;0 ;0 ;7 ;0.0;
149 ;0:29.60 ;2140 ;0 ;0.903 ;0.0 ;0.0 ;0.900 ;0 ;2.99 ;6.2 ;0 ;0 ;7 ;0.0;
149 ;0:29.70 ;2081 ;0 ;0.905 ;0.0 ;0.0 ;0.900 ;0 ;3.04 ;6.1 ;0 ;0 ;7 ;0.0;
149 ;0:29.80 ;2043 ;0 ;0.907 ;0.0 ;0.0 ;0.900 ;0 ;3.07 ;6.0 ;0 ;0 ;7 ;0.0;
149 ;0:29.90 ;2097 ;0 ;0.919 ;0.0 ;0.0 ;0.900 ;0 ;3.03 ;6.1 ;0 ;0 ;7 ;0.0;
149 ;0:30.00 ;1975 ;0 ;0.918 ;0.0 ;0.0 ;0.900 ;0 ;3.11 ;5.9 ;0 ;0 ;7 ;0.0;
149 ;0:30.10 ;1949 ;0 ;0.921 ;0.0 ;0.0 ;0.900 ;0 ;3.13 ;5.8 ;0 ;0 ;7 ;0.0;
149 ;0:30.20 ;1933 ;0 ;0.902 ;0.0 ;0.0 ;0.900 ;0 ;3.13 ;5.8 ;0 ;0 ;7 ;0.0;
149 ;0:30.30 ;1989 ;0 ;0.903 ;0.0 ;0.0 ;0.900 ;0 ;3.11 ;5.9 ;0 ;0 ;7 ;0.0;
149 ;0:30.40 ;1951 ;0 ;0.897 ;0.0 ;0.0 ;0.900 ;0 ;3.12 ;5.9 ;0 ;0 ;7 ;0.0;
149 ;0:30.50 ;1885 ;0 ;0.901 ;0.0 ;0.0 ;0.900 ;0 ;3.15 ;5.7 ;0 ;0 ;7 ;0.0;
149 ;0:30.60 ;1872 ;0 ;0.907 ;0.0 ;0.0 ;0.900 ;0 ;3.16 ;5.7 ;0 ;0 ;7 ;0.0;
149 ;0:30.70 ;1807 ;0 ;0.910 ;0.0 ;0.0 ;0.900 ;0 ;3.18 ;5.6 ;0 ;0 ;7 ;0.0;
149 ;0:30.80 ;1870 ;0 ;0.925 ;0.0 ;0.0 ;0.900 ;0 ;3.16 ;5.7 ;0 ;0 ;7 ;0.0;
149 ;0:30.90 ;1842 ;0 ;0.917 ;0.0 ;0.0 ;0.900 ;0 ;3.17 ;5.6 ;0 ;0 ;7 ;0.0;
149 ;0:31.00 ;1864 ;0 ;0.923 ;0.0 ;0.0 ;0.900 ;0 ;3.16 ;5.7 ;0 ;0 ;7 ;0.0;
149 ;0:31.10 ;1928 ;0 ;0.921 ;0.0 ;0.0 ;0.900 ;0 ;3.13 ;5.8 ;0 ;0 ;7 ;0.0;
149 ;0:31.20 ;1859 ;0 ;0.919 ;0.0 ;0.0 ;0.900 ;0 ;3.16 ;5.7 ;0 ;0 ;7 ;0.0;
149 ;0:31.30 ;1779 ;0 ;0.904 ;0.0 ;0.0 ;0.900 ;0 ;3.19 ;5.5 ;0 ;0 ;7 ;0.0;
149 ;0:31.40 ;1782 ;0 ;0.904 ;0.0 ;0.0 ;0.900 ;0 ;3.19 ;5.5 ;0 ;0 ;7 ;0.0;
149 ;0:31.50 ;1747 ;0 ;0.898 ;0.0 ;0.0 ;0.900 ;0 ;3.21 ;5.4 ;0 ;0 ;8 ;0.0;
149 ;0:31.60 ;1787 ;0 ;0.889 ;0.0 ;0.0 ;0.900 ;0 ;3.19 ;5.5 ;0 ;0 ;7 ;0.0;
149 ;0:31.70 ;1709 ;0 ;0.884 ;0.0 ;0.0 ;0.900 ;0 ;3.22 ;5.4 ;0 ;0 ;8 ;0.0;
149 ;0:31.80 ;1825 ;0 ;0.893 ;0.0 ;0.0 ;0.900 ;0 ;3.17 ;5.6 ;0 ;0 ;7 ;0.0;
149 ;0:31.90 ;1837 ;0 ;0.892 ;2.6 ;0.0 ;0.900 ;0 ;3.17 ;5.6 ;0 ;0 ;7 ;80.7;
149 ;0:32.00 ;1833 ;0 ;0.898 ;2.6 ;0.0 ;0.900 ;0 ;3.17 ;5.6 ;0 ;0 ;7 ;84.6;
149 ;0:32.10 ;1778 ;0 ;0.903 ;2.6 ;0.0 ;0.900 ;0 ;3.19 ;5.5 ;0 ;0 ;7 ;84.6;
149 ;0:32.20 ;1777 ;0 ;0.921 ;2.6 ;0.0 ;0.900 ;0 ;3.19 ;5.5 ;0 ;0 ;7 ;84.6;
149 ;0:32.30 ;1849 ;0 ;0.918 ;2.6 ;0.0 ;0.900 ;0 ;3.17 ;5.6 ;0 ;0 ;7 ;84.6;
149 ;0:32.40 ;1826 ;0 ;0.914 ;3.4 ;0.0 ;0.900 ;0 ;3.17 ;5.6 ;0 ;0 ;7 ;64.7;
149 ;0:32.50 ;1808 ;0 ;0.924 ;3.9 ;0.0 ;0.900 ;0 ;3.18 ;5.6 ;0 ;0 ;7 ;56.4;
149 ;0:32.60 ;1806 ;0 ;0.924 ;4.6 ;0.0 ;0.900 ;0 ;3.18 ;5.6 ;0 ;0 ;7 ;42.0;
149 ;0:32.70 ;1692 ;0 ;0.908 ;5.2 ;0.0 ;0.900 ;0 ;3.23 ;5.3 ;0 ;0 ;8 ;38.4;
149 ;0:32.80 ;1678 ;0 ;0.889 ;6.1 ;0.0 ;0.900 ;0 ;3.23 ;5.3 ;0 ;0 ;8 ;32.7;
149 ;0:32.90 ;1560 ;0 ;0.872 ;6.5 ;0.0 ;0.900 ;0 ;3.28 ;5.1 ;0 ;0 ;8 ;30.7;
149 ;0:33.00 ;1440 ;0 ;0.864 ;6.3 ;0.0 ;0.900 ;0 ;3.30 ;5.0 ;0 ;0 ;8 ;31.7;
149 ;0:33.10 ;1545 ;0 ;0.872 ;6.8 ;0.0 ;0.900 ;0 ;3.29 ;5.0 ;0 ;0 ;8 ;26.0;
149 ;0:33.20 ;1567 ;0 ;0.857 ;6.8 ;0.0 ;0.900 ;0 ;3.28 ;5.1 ;0 ;0 ;8 ;25.3;
149 ;0:33.30 ;1555 ;0 ;0.841 ;6.7 ;0.0 ;0.900 ;0 ;3.28 ;5.1 ;0 ;0 ;8 ;26.8;
149 ;0:33.40 ;1219 ;0 ;0.841 ;7.0 ;0.0 ;0.900 ;0 ;3.30 ;5.0 ;0 ;0 ;8 ;22.2;
149 ;0:33.50 ;947 ;0 ;0.827 ;7.5 ;0.0 ;0.900 ;0 ;3.30 ;5.0 ;0 ;0 ;8 ;16.6;
149 ;0:33.60 ;966 ;0 ;0.822 ;7.3 ;0.0 ;0.900 ;0 ;3.30 ;5.0 ;0 ;0 ;8 ;16.2;
149 ;0:33.70 ;1136 ;0 ;0.833 ;7.9 ;0.0 ;0.900 ;0 ;3.30 ;5.0 ;0 ;0 ;8 ;17.9;
149 ;0:33.80 ;1327 ;0 ;0.835 ;7.7 ;0.0 ;0.900 ;0 ;3.30 ;5.0 ;0 ;0 ;8 ;20.7;
149 ;0:33.90 ;1605 ;0 ;0.852 ;8.4 ;0.0 ;0.900 ;0 ;3.26 ;5.2 ;0 ;0 ;8 ;27.2;
149 ;0:34.00 ;2040 ;0 ;0.871 ;8.7 ;0.0 ;0.900 ;0 ;3.07 ;6.0 ;0 ;0 ;7 ;28.5;
149 ;0:34.10 ;2312 ;0 ;0.865 ;8.5 ;0.0 ;0.900 ;0 ;2.86 ;6.6 ;0 ;0 ;7 ;27.7;
149 ;0:34.20 ;2687 ;0 ;0.827 ;9.3 ;0.0 ;0.900 ;0 ;2.67 ;7.3 ;0 ;0 ;6 ;27.8;
149 ;0:34.30 ;2990 ;0 ;0.778 ;9.9 ;0.0 ;0.900 ;0 ;2.62 ;7.9 ;0 ;0 ;6 ;28.7;
149 ;0:34.40 ;3392 ;0 ;0.769 ;10.3 ;0.0 ;0.900 ;0 ;2.68 ;9.1 ;0 ;0 ;7 ;31.2;
149 ;0:34.50 ;3819 ;0 ;0.762 ;11.1 ;0.0 ;0.900 ;0 ;2.76 ;10.4 ;0 ;0 ;8 ;36.5;
149 ;0:34.60 ;4185 ;0 ;0.783 ;11.2 ;0.0 ;0.900 ;0 ;2.79 ;11.7 ;0 ;0 ;9 ;38.9;
149 ;0:34.70 ;4349 ;0 ;0.738 ;11.7 ;0.0 ;0.900 ;0 ;2.77 ;12.3 ;0 ;0 ;10 ;41.3;
149 ;0:34.80 ;4533 ;3 ;0.737 ;12.1 ;0.0 ;0.900 ;0 ;3.43 ;22.9 ;0 ;0 ;13 ;52.4;
149 ;0:34.90 ;4685 ;5 ;0.731 ;12.7 ;0.0 ;0.900 ;0 ;3.80 ;28.5 ;0 ;0 ;14 ;53.0;
149 ;0:35.00 ;4382 ;6 ;0.734 ;12.3 ;0.0 ;0.900 ;0 ;3.94 ;26.9 ;0 ;0 ;14 ;50.3;
149 ;0:35.10 ;4195 ;6 ;0.744 ;12.6 ;0.0 ;0.900 ;0 ;3.94 ;24.7 ;0 ;0 ;13 ;52.0;
149 ;0:35.20 ;4247 ;7 ;0.730 ;12.9 ;0.0 ;0.900 ;0 ;4.08 ;26.5 ;0 ;0 ;14 ;48.4;
149 ;0:35.30 ;4234 ;7 ;0.734 ;12.4 ;0.0 ;0.900 ;0 ;4.08 ;26.4 ;0 ;0 ;14 ;50.7;
149 ;0:35.40 ;4211 ;7 ;0.735 ;13.2 ;0.0 ;0.900 ;0 ;4.08 ;26.2 ;0 ;0 ;14 ;56.5;
149 ;0:35.50 ;4204 ;7 ;0.729 ;11.4 ;0.0 ;0.900 ;0 ;4.08 ;26.1 ;0 ;0 ;14 ;52.7;
149 ;0:35.60 ;4308 ;7 ;0.738 ;11.5 ;0.0 ;0.900 ;0 ;4.08 ;27.1 ;0 ;0 ;14 ;54.1;
149 ;0:35.70 ;4206 ;7 ;0.731 ;12.3 ;0.0 ;0.900 ;0 ;4.08 ;26.1 ;0 ;0 ;14 ;54.3;
149 ;0:35.80 ;4058 ;7 ;0.740 ;11.3 ;0.0 ;0.900 ;0 ;4.08 ;24.7 ;0 ;0 ;14 ;54.2;
149 ;0:35.90 ;4107 ;7 ;0.735 ;12.0 ;0.0 ;0.900 ;0 ;4.08 ;25.2 ;0 ;0 ;14 ;56.5;
149 ;0:36.00 ;4294 ;7 ;0.737 ;11.5 ;0.0 ;0.900 ;0 ;4.08 ;27.0 ;0 ;0 ;14 ;56.0;
149 ;0:36.10 ;4320 ;7 ;0.738 ;11.1 ;0.0 ;0.900 ;0 ;4.08 ;27.2 ;0 ;0 ;14 ;58.0;
149 ;0:36.20 ;4216 ;7 ;0.736 ;11.3 ;0.0 ;0.900 ;0 ;4.08 ;26.2 ;0 ;0 ;14 ;60.7;
149 ;0:36.30 ;4177 ;7 ;0.742 ;11.0 ;0.0 ;0.900 ;0 ;4.08 ;25.8 ;0 ;0 ;14 ;59.4;
149 ;0:36.40 ;4274 ;7 ;0.735 ;10.7 ;0.0 ;0.900 ;0 ;4.08 ;26.8 ;0 ;0 ;14 ;58.2;
149 ;0:36.50 ;4377 ;7 ;0.730 ;11.0 ;0.0 ;0.900 ;0 ;4.08 ;27.7 ;0 ;0 ;14 ;65.0;
149 ;0:36.60 ;4326 ;7 ;0.736 ;10.3 ;0.0 ;0.900 ;0 ;4.08 ;27.3 ;0 ;0 ;14 ;62.8;
149 ;0:36.70 ;4404 ;7 ;0.745 ;10.7 ;0.0 ;0.900 ;0 ;4.08 ;28.0 ;0 ;0 ;15 ;62.3;
149 ;0:36.80 ;4521 ;7 ;0.763 ;10.8 ;0.0 ;0.900 ;0 ;4.08 ;29.1 ;0 ;0 ;15 ;69.3;
149 ;0:36.90 ;4498 ;7 ;0.764 ;10.8 ;0.0 ;0.900 ;0 ;4.08 ;28.9 ;0 ;0 ;15 ;62.0;
149 ;0:37.00 ;4407 ;6 ;0.752 ;10.1 ;0.0 ;0.900 ;0 ;3.94 ;27.0 ;0 ;0 ;14 ;60.9;
149 ;0:37.10 ;4049 ;6 ;0.759 ;10.6 ;0.0 ;0.900 ;0 ;3.94 ;23.8 ;0 ;0 ;13 ;55.2;
149 ;0:37.20 ;3735 ;5 ;0.767 ;10.1 ;0.0 ;0.900 ;0 ;3.80 ;21.0 ;0 ;0 ;11 ;47.3;
149 ;0:37.30 ;3612 ;5 ;0.774 ;11.2 ;0.0 ;0.900 ;0 ;3.80 ;20.2 ;0 ;0 ;11 ;47.2;
149 ;0:37.40 ;3621 ;5 ;0.751 ;10.8 ;0.0 ;0.900 ;0 ;3.80 ;20.3 ;0 ;0 ;11 ;49.0;
149 ;0:37.50 ;3963 ;5 ;0.763 ;10.7 ;0.0 ;0.900 ;0 ;3.80 ;22.4 ;0 ;0 ;12 ;52.8;
149 ;0:37.60 ;4084 ;4 ;0.759 ;12.0 ;0.0 ;0.900 ;0 ;3.66 ;22.6 ;0 ;0 ;12 ;52.7;
149 ;0:37.70 ;4240 ;4 ;0.776 ;10.8 ;0.0 ;0.900 ;0 ;3.66 ;23.9 ;0 ;0 ;13 ;53.1;
149 ;0:37.80 ;4382 ;4 ;0.791 ;11.7 ;0.0 ;0.900 ;0 ;3.66 ;25.0 ;0 ;0 ;13 ;50.4;
149 ;0:37.90 ;4555 ;4 ;0.806 ;12.6 ;0.0 ;0.900 ;0 ;3.66 ;26.4 ;0 ;0 ;14 ;54.7;
149 ;0:38.00 ;4751 ;4 ;0.816 ;12.6 ;0.0 ;0.900 ;0 ;3.66 ;28.0 ;0 ;0 ;14 ;53.1;
149 ;0:38.10 ;4968 ;4 ;0.769 ;13.0 ;0.0 ;0.900 ;0 ;3.66 ;29.7 ;0 ;0 ;15 ;53.0;
149 ;0:38.20 ;5246 ;4 ;0.760 ;12.7 ;0.0 ;0.900 ;0 ;3.66 ;31.2 ;0 ;0 ;16 ;56.9;
149 ;0:38.30 ;5524 ;4 ;0.760 ;13.6 ;0.0 ;0.900 ;0 ;3.66 ;32.6 ;0 ;0 ;17 ;57.4;
149 ;0:38.40 ;5504 ;4 ;0.808 ;13.1 ;0.0 ;0.900 ;0 ;3.66 ;32.5 ;0 ;0 ;16 ;55.6;
149 ;0:38.50 ;5100 ;4 ;0.868 ;14.1 ;0.0 ;0.900 ;0 ;3.66 ;30.5 ;0 ;0 ;15 ;50.0;
149 ;0:38.60 ;4696 ;4 ;0.857 ;13.6 ;0.0 ;0.900 ;0 ;3.66 ;27.5 ;0 ;0 ;14 ;44.6;
149 ;0:38.70 ;4042 ;4 ;0.861 ;14.7 ;0.0 ;0.900 ;0 ;3.66 ;22.3 ;0 ;0 ;12 ;32.2;
149 ;0:38.80 ;3487 ;3 ;0.852 ;14.6 ;0.0 ;0.900 ;0 ;3.42 ;16.1 ;0 ;0 ;9 ;27.7;
149 ;0:38.90 ;3192 ;3 ;0.835 ;14.1 ;0.0 ;0.900 ;0 ;3.40 ;14.3 ;0 ;0 ;8 ;24.0;
149 ;0:39.00 ;2981 ;3 ;0.842 ;15.2 ;0.0 ;0.900 ;0 ;3.40 ;13.0 ;0 ;0 ;8 ;24.1;
149 ;0:39.10 ;2864 ;2 ;0.841 ;16.2 ;0.0 ;0.900 ;0 ;3.15 ;10.9 ;0 ;0 ;7 ;22.1;
149 ;0:39.20 ;2967 ;1 ;0.826 ;16.3 ;0.0 ;0.900 ;0 ;2.88 ;9.6 ;0 ;0 ;7 ;19.5;
149 ;0:39.30 ;3043 ;1 ;0.814 ;16.8 ;0.0 ;0.900 ;0 ;2.87 ;9.9 ;0 ;0 ;7 ;20.7;
149 ;0:39.40 ;3160 ;1 ;0.808 ;16.5 ;0.0 ;0.900 ;0 ;2.89 ;10.3 ;0 ;0 ;7 ;21.0;
149 ;0:39.50 ;3296 ;1 ;0.803 ;15.9 ;0.0 ;0.900 ;0 ;2.91 ;10.8 ;0 ;0 ;8 ;22.6;
149 ;0:39.60 ;3417 ;0 ;0.794 ;16.3 ;0.0 ;0.900 ;0 ;2.68 ;9.2 ;0 ;0 ;7 ;22.7;
149 ;0:39.70 ;3514 ;0 ;0.795 ;15.0 ;0.0 ;0.900 ;0 ;2.70 ;9.5 ;0 ;0 ;7 ;23.5;
149 ;0:39.80 ;3639 ;0 ;0.788 ;15.2 ;0.0 ;0.900 ;0 ;2.73 ;9.9 ;0 ;0 ;8 ;25.4;
149 ;0:39.90 ;3880 ;0 ;0.791 ;15.4 ;0.0 ;0.900 ;0 ;2.77 ;10.6 ;0 ;0 ;9 ;25.4;
149 ;0:40.00 ;3998 ;0 ;0.791 ;16.1 ;0.0 ;0.900 ;0 ;2.79 ;10.9 ;0 ;0 ;9 ;27.0;
149 ;0:40.10 ;4126 ;0 ;0.794 ;15.6 ;0.0 ;0.900 ;0 ;2.79 ;11.5 ;0 ;0 ;9 ;27.9;
149 ;0:40.20 ;4186 ;0 ;0.807 ;16.0 ;0.0 ;0.900 ;0 ;2.79 ;11.7 ;0 ;0 ;9 ;27.5;
149 ;0:40.30 ;4240 ;0 ;0.825 ;15.6 ;0.0 ;0.900 ;0 ;2.78 ;11.9 ;0 ;0 ;9 ;27.6;
149 ;0:40.40 ;4247 ;0 ;0.835 ;16.1 ;0.0 ;0.900 ;0 ;2.78 ;11.9 ;0 ;0 ;9 ;27.3;
149 ;0:40.50 ;4248 ;0 ;0.852 ;16.0 ;0.0 ;0.900 ;0 ;2.78 ;11.9 ;0 ;0 ;9 ;26.8;
149 ;0:40.60 ;4225 ;0 ;0.897 ;16.6 ;0.0 ;0.900 ;0 ;2.78 ;11.9 ;0 ;0 ;9 ;27.9;
149 ;0:40.70 ;4275 ;0 ;0.947 ;16.8 ;0.0 ;0.900 ;0 ;2.78 ;12.1 ;0 ;0 ;9 ;26.0;
149 ;0:40.80 ;4164 ;0 ;0.991 ;16.7 ;0.0 ;0.900 ;0 ;2.79 ;11.6 ;0 ;0 ;9 ;25.1;
149 ;0:40.90 ;3898 ;0 ;0.990 ;17.2 ;0.0 ;0.900 ;0 ;2.77 ;10.6 ;0 ;0 ;8 ;22.0;
149 ;0:41.00 ;3706 ;0 ;0.971 ;17.3 ;0.0 ;0.900 ;0 ;2.74 ;10.1 ;0 ;0 ;8 ;20.7;
149 ;0:41.10 ;3494 ;0 ;0.949 ;17.7 ;0.0 ;0.900 ;0 ;2.70 ;9.4 ;0 ;0 ;7 ;20.3;
149 ;0:41.20 ;3400 ;0 ;0.913 ;17.7 ;0.0 ;0.900 ;0 ;2.68 ;9.2 ;0 ;0 ;7 ;17.6;
149 ;0:41.30 ;2962 ;2 ;0.932 ;18.6 ;0.0 ;0.900 ;0 ;3.14 ;11.3 ;0 ;0 ;7 ;22.3;
149 ;0:41.40 ;2247 ;7 ;0.926 ;19.4 ;0.0 ;0.900 ;0 ;4.08 ;18.0 ;0 ;0 ;10 ;16.8;
149 ;0:41.50 ;1891 ;5 ;0.930 ;18.6 ;0.0 ;0.900 ;0 ;3.97 ;13.5 ;0 ;0 ;9 ;13.8;
149 ;0:41.60 ;1804 ;1 ;0.941 ;18.8 ;0.0 ;0.900 ;0 ;3.39 ;7.1 ;0 ;0 ;8 ;11.7;
149 ;0:41.70 ;1827 ;0 ;0.921 ;19.6 ;0.0 ;0.900 ;0 ;3.17 ;5.6 ;0 ;0 ;7 ;10.6;
149 ;0:41.80 ;1900 ;0 ;0.902 ;19.3 ;0.0 ;0.900 ;0 ;3.14 ;5.8 ;0 ;0 ;7 ;10.7;
149 ;0:41.90 ;1781 ;0 ;0.870 ;20.7 ;0.0 ;0.900 ;0 ;3.19 ;5.5 ;0 ;0 ;7 ;9.6;
149 ;0:42.00 ;1631 ;0 ;0.874 ;21.8 ;0.0 ;0.900 ;0 ;3.25 ;5.2 ;0 ;0 ;8 ;9.5;
149 ;0:42.10 ;1616 ;0 ;0.861 ;21.8 ;0.0 ;0.900 ;0 ;3.26 ;5.2 ;0 ;0 ;8 ;9.0;
149 ;0:42.20 ;1424 ;0 ;0.847 ;22.3 ;0.0 ;0.900 ;0 ;3.30 ;5.0 ;0 ;0 ;8 ;8.4;
149 ;0:42.30 ;1441 ;0 ;0.841 ;24.0 ;0.0 ;0.900 ;0 ;3.30 ;5.0 ;0 ;0 ;8 ;7.1;
149 ;0:42.40 ;1484 ;0 ;0.831 ;25.3 ;0.0 ;0.900 ;0 ;3.30 ;5.0 ;0 ;0 ;8 ;7.1;
149 ;0:42.50 ;1593 ;0 ;0.831 ;26.1 ;0.0 ;0.900 ;0 ;3.27 ;5.1 ;0 ;0 ;8 ;7.1;
149 ;0:42.60 ;1717 ;0 ;0.831 ;26.0 ;0.0 ;0.900 ;0 ;3.22 ;5.4 ;0 ;0 ;8 ;7.2;
149 ;0:42.70 ;1922 ;0 ;0.838 ;26.7 ;0.0 ;0.900 ;0 ;3.14 ;5.8 ;0 ;0 ;7 ;7.9;
149 ;0:42.80 ;2071 ;0 ;0.875 ;28.0 ;0.0 ;0.900 ;0 ;3.05 ;6.1 ;0 ;0 ;7 ;7.9;
149 ;0:42.90 ;2230 ;0 ;0.908 ;29.7 ;0.0 ;0.900 ;0 ;2.92 ;6.4 ;0 ;0 ;7 ;7.4;
149 ;0:43.00 ;2418 ;0 ;0.911 ;29.4 ;0.0 ;0.900 ;0 ;2.77 ;6.8 ;0 ;0 ;6 ;8.4;
149 ;0:43.10 ;2630 ;0 ;0.929 ;31.3 ;0.0 ;0.900 ;0 ;2.68 ;7.2 ;0 ;0 ;6 ;8.8;
149 ;0:43.20 ;2909 ;0 ;0.961 ;30.2 ;0.0 ;0.900 ;0 ;2.63 ;7.8 ;0 ;0 ;6 ;9.1;
149 ;0:43.30 ;3310 ;0 ;1.013 ;31.7 ;0.0 ;0.900 ;0 ;2.66 ;8.9 ;0 ;0 ;7 ;10.6;
149 ;0:43.40 ;3853 ;0 ;1.060 ;33.9 ;0.0 ;0.900 ;0 ;2.77 ;10.5 ;0 ;0 ;9 ;12.0;
149 ;0:43.50 ;4284 ;0 ;1.122 ;38.3 ;0.0 ;0.900 ;0 ;2.78 ;12.1 ;0 ;0 ;10 ;12.8;
149 ;0:43.60 ;4831 ;0 ;1.123 ;38.5 ;0.0 ;0.900 ;0 ;2.72 ;14.3 ;0 ;0 ;11 ;12.9;
149 ;0:43.70 ;5344 ;0 ;1.119 ;37.4 ;0.0 ;0.900 ;0 ;2.70 ;16.7 ;0 ;0 ;12 ;14.1;
149 ;0:43.80 ;5623 ;0 ;1.104 ;40.1 ;0.0 ;0.900 ;0 ;2.70 ;18.1 ;0 ;0 ;12 ;14.4;
149 ;0:43.90 ;5692 ;0 ;1.049 ;40.5 ;0.0 ;0.900 ;0 ;2.70 ;18.4 ;0 ;0 ;12 ;14.0;
149 ;0:44.00 ;5959 ;0 ;0.983 ;40.3 ;0.0 ;0.900 ;0 ;2.70 ;19.7 ;0 ;0 ;13 ;14.5;
149 ;0:44.10 ;6135 ;0 ;0.922 ;43.8 ;0.0 ;0.900 ;0 ;2.70 ;21.3 ;0 ;0 ;14 ;14.8;
149 ;0:44.20 ;6291 ;0 ;0.864 ;45.6 ;0.0 ;0.900 ;0 ;2.70 ;22.9 ;0 ;0 ;14 ;14.4;
149 ;0:44.30 ;6713 ;0 ;0.811 ;47.8 ;0.0 ;0.900 ;0 ;2.70 ;27.1 ;0 ;0 ;15 ;14.2;
149 ;0:44.40 ;6722 ;2 ;0.824 ;46.3 ;0.0 ;0.900 ;0 ;3.18 ;31.1 ;0 ;0 ;18 ;18.8;
149 ;0:44.50 ;7183 ;10 ;0.798 ;49.2 ;0.0 ;0.900 ;0 ;3.47 ;56.6 ;0 ;0 ;20 ;19.5;
149 ;0:44.60 ;6749 ;10 ;0.799 ;46.0 ;0.0 ;0.900 ;0 ;3.49 ;55.1 ;0 ;0 ;19 ;18.2;
149 ;0:44.70 ;6903 ;10 ;0.793 ;48.2 ;0.0 ;0.900 ;0 ;3.42 ;55.6 ;0 ;0 ;19 ;19.0;
149 ;0:44.80 ;7046 ;11 ;0.769 ;47.9 ;0.0 ;0.900 ;0 ;3.51 ;56.1 ;0 ;0 ;20 ;19.7;
149 ;0:44.90 ;7312 ;11 ;0.756 ;49.4 ;0.0 ;0.900 ;0 ;3.64 ;57.1 ;0 ;0 ;22 ;20.0;
149 ;0:45.00 ;7358 ;13 ;0.734 ;48.4 ;0.0 ;0.900 ;0 ;3.85 ;57.3 ;0 ;0 ;24 ;21.5;
149 ;0:45.10 ;7123 ;13 ;0.736 ;50.4 ;0.0 ;0.900 ;0 ;3.77 ;56.3 ;0 ;0 ;22 ;19.7;
149 ;0:45.20 ;6805 ;15 ;0.712 ;50.5 ;0.0 ;0.900 ;0 ;4.13 ;53.8 ;0 ;0 ;23 ;25.3;
149 ;0:45.30 ;8223 ;23 ;0.685 ;49.1 ;0.0 ;0.900 ;0 ;5.28 ;54.9 ;0 ;0 ;36 ;33.8;
149 ;0:45.40 ;8518 ;30 ;0.686 ;47.3 ;0.0 ;0.900 ;0 ;5.58 ;51.5 ;0 ;0 ;41 ;39.2;
149 ;0:45.50 ;7812 ;35 ;0.693 ;49.2 ;0.0 ;0.900 ;0 ;5.80 ;54.6 ;0 ;0 ;38 ;41.5;
149 ;0:45.60 ;7921 ;35 ;0.684 ;45.2 ;0.0 ;0.900 ;0 ;5.85 ;55.9 ;0 ;0 ;38 ;38.1;
149 ;0:45.70 ;8325 ;36 ;0.772 ;42.3 ;0.0 ;0.900 ;0 ;5.88 ;52.7 ;0 ;0 ;41 ;39.3;
149 ;0:45.80 ;8311 ;38 ;0.884 ;45.9 ;0.0 ;0.900 ;0 ;5.94 ;52.4 ;0 ;0 ;41 ;37.6;
149 ;0:45.90 ;8333 ;38 ;0.675 ;43.1 ;0.0 ;0.900 ;0 ;5.94 ;52.2 ;0 ;0 ;41 ;41.3;
149 ;0:46.00 ;8644 ;38 ;0.661 ;42.8 ;0.0 ;0.900 ;0 ;5.93 ;48.6 ;0 ;0 ;43 ;45.6;
149 ;0:46.10 ;8281 ;39 ;0.675 ;41.0 ;0.0 ;0.900 ;0 ;5.97 ;52.5 ;0 ;0 ;41 ;46.4;
149 ;0:46.20 ;8057 ;39 ;0.693 ;39.5 ;0.0 ;0.900 ;0 ;5.98 ;54.9 ;0 ;0 ;40 ;48.4;
149 ;0:46.30 ;7855 ;41 ;0.701 ;36.6 ;0.0 ;0.900 ;0 ;5.97 ;53.4 ;0 ;0 ;39 ;46.7;
149 ;0:46.40 ;7482 ;41 ;0.691 ;35.5 ;0.0 ;0.900 ;0 ;5.84 ;49.7 ;0 ;0 ;36 ;48.2;
149 ;0:46.50 ;7014 ;41 ;0.695 ;33.5 ;0.0 ;0.900 ;0 ;5.66 ;44.9 ;0 ;0 ;33 ;44.0;
149 ;0:46.60 ;6727 ;41 ;0.739 ;33.3 ;0.0 ;0.900 ;0 ;5.83 ;42.0 ;0 ;0 ;33 ;46.3;
149 ;0:46.70 ;6432 ;40 ;0.739 ;30.9 ;0.0 ;0.900 ;0 ;5.97 ;39.2 ;0 ;0 ;32 ;44.1;
149 ;0:46.80 ;6202 ;40 ;0.748 ;29.9 ;0.0 ;0.900 ;0 ;6.11 ;37.2 ;0 ;0 ;31 ;47.9;
149 ;0:46.90 ;5998 ;38 ;0.763 ;30.8 ;0.0 ;0.900 ;0 ;6.16 ;34.9 ;0 ;0 ;31 ;49.4;
149 ;0:47.00 ;5830 ;33 ;0.724 ;28.3 ;0.0 ;0.900 ;0 ;6.01 ;35.0 ;0 ;0 ;29 ;45.1;
149 ;0:47.10 ;5868 ;28 ;0.701 ;29.8 ;0.0 ;0.900 ;0 ;5.79 ;35.4 ;0 ;0 ;28 ;41.5;
149 ;0:47.20 ;5680 ;25 ;0.706 ;27.0 ;0.0 ;0.900 ;0 ;5.73 ;35.3 ;0 ;0 ;27 ;44.3;
149 ;0:47.30 ;5529 ;22 ;0.712 ;27.1 ;0.0 ;0.900 ;0 ;5.58 ;36.6 ;0 ;0 ;25 ;41.5;
149 ;0:47.40 ;5458 ;20 ;0.709 ;26.0 ;0.0 ;0.900 ;0 ;5.46 ;37.6 ;0 ;0 ;25 ;44.0;
149 ;0:47.50 ;5296 ;18 ;0.719 ;24.9 ;0.0 ;0.900 ;0 ;5.37 ;38.1 ;0 ;0 ;23 ;39.1;
149 ;0:47.60 ;5002 ;16 ;0.735 ;24.7 ;0.0 ;0.900 ;0 ;4.97 ;38.2 ;0 ;0 ;20 ;39.0;
149 ;0:47.70 ;4905 ;16 ;0.730 ;23.4 ;0.0 ;0.900 ;0 ;4.96 ;37.4 ;0 ;0 ;20 ;39.4;
149 ;0:47.80 ;4693 ;16 ;0.720 ;23.6 ;0.0 ;0.900 ;0 ;4.95 ;35.7 ;0 ;0 ;19 ;36.5;
149 ;0:47.90 ;4522 ;15 ;0.716 ;20.9 ;0.0 ;0.900 ;0 ;4.71 ;34.5 ;0 ;0 ;17 ;37.7;
149 ;0:48.00 ;4343 ;15 ;0.710 ;20.7 ;0.0 ;0.900 ;0 ;4.70 ;33.0 ;0 ;0 ;17 ;36.3;
149 ;0:48.10 ;4365 ;15 ;0.708 ;20.7 ;0.0 ;0.900 ;0 ;4.70 ;33.2 ;0 ;0 ;17 ;42.7;
149 ;0:48.20 ;5024 ;15 ;0.703 ;18.7 ;0.0 ;0.900 ;0 ;4.74 ;39.0 ;0 ;0 ;19 ;50.0;
149 ;0:48.30 ;5308 ;15 ;0.706 ;17.9 ;0.0 ;0.900 ;0 ;4.67 ;42.2 ;0 ;0 ;20 ;53.9;
149 ;0:48.40 ;5479 ;15 ;0.695 ;17.5 ;0.0 ;0.900 ;0 ;4.63 ;44.2 ;0 ;0 ;21 ;60.3;
149 ;0:48.50 ;5514 ;15 ;0.705 ;17.6 ;0.0 ;0.900 ;0 ;4.62 ;44.6 ;0 ;0 ;21 ;60.0;
149 ;0:48.60 ;5519 ;15 ;0.699 ;16.0 ;0.0 ;0.900 ;0 ;4.62 ;44.7 ;0 ;0 ;21 ;58.8;
149 ;0:48.70 ;5562 ;15 ;0.697 ;14.5 ;0.0 ;0.900 ;0 ;4.60 ;45.1 ;0 ;0 ;21 ;58.7;
149 ;0:48.80 ;5597 ;15 ;0.703 ;15.1 ;0.0 ;0.900 ;0 ;4.60 ;45.5 ;0 ;0 ;21 ;60.6;
149 ;0:48.90 ;5542 ;15 ;0.700 ;14.2 ;0.0 ;0.900 ;0 ;4.61 ;44.9 ;0 ;0 ;21 ;68.0;
149 ;0:49.00 ;5587 ;15 ;0.698 ;14.2 ;0.0 ;0.900 ;0 ;4.60 ;45.4 ;0 ;0 ;21 ;71.3;
149 ;0:49.10 ;5700 ;15 ;0.703 ;13.9 ;0.0 ;0.900 ;0 ;4.57 ;46.7 ;0 ;0 ;21 ;71.5;
149 ;0:49.20 ;5568 ;14 ;0.710 ;12.9 ;0.0 ;0.900 ;0 ;4.37 ;47.3 ;0 ;0 ;20 ;72.4;
149 ;0:49.30 ;5618 ;14 ;0.697 ;12.5 ;0.0 ;0.900 ;0 ;4.36 ;48.0 ;0 ;0 ;20 ;77.3;
149 ;0:49.40 ;5721 ;14 ;0.699 ;11.8 ;0.0 ;0.900 ;0 ;4.34 ;49.2 ;0 ;0 ;20 ;83.1;
149 ;0:49.50 ;5721 ;14 ;0.712 ;10.9 ;0.0 ;0.900 ;0 ;4.33 ;49.4 ;0 ;0 ;20 ;86.1;
149 ;0:49.60 ;5570 ;14 ;0.708 ;10.5 ;0.0 ;0.900 ;0 ;4.37 ;47.3 ;0 ;0 ;20 ;90.1;
149 ;0:49.70 ;5613 ;14 ;0.705 ;9.7 ;0.0 ;0.900 ;0 ;4.36 ;47.9 ;0 ;0 ;20 ;102.1;
149 ;0:49.80 ;5801 ;14 ;0.723 ;9.6 ;0.0 ;0.900 ;0 ;4.31 ;50.6 ;0 ;0 ;20 ;116.0;
149 ;0:49.90 ;5612 ;14 ;0.705 ;8.1 ;0.0 ;0.900 ;0 ;4.36 ;47.9 ;0 ;0 ;20 ;109.6;
149 ;0:50.00 ;5656 ;14 ;0.704 ;7.6 ;0.0 ;0.900 ;0 ;4.35 ;48.5 ;0 ;0 ;20 ;129.1;
149 ;0:50.10 ;5803 ;14 ;0.710 ;7.2 ;0.0 ;0.900 ;0 ;4.31 ;50.6 ;0 ;0 ;21 ;134.2;
149 ;0:50.20 ;5737 ;14 ;0.717 ;6.6 ;0.0 ;0.900 ;0 ;4.33 ;49.7 ;0 ;0 ;20 ;140.9;
149 ;0:50.30 ;5635 ;14 ;0.708 ;5.5 ;0.0 ;0.900 ;0 ;4.36 ;48.2 ;0 ;0 ;20 ;166.0;
149 ;0:50.40 ;5739 ;14 ;0.710 ;4.8 ;0.0 ;0.900 ;0 ;4.33 ;49.7 ;0 ;0 ;20 ;191.8;
149 ;0:50.50 ;5721 ;14 ;0.716 ;4.5 ;0.0 ;0.900 ;0 ;4.33 ;49.4 ;0 ;0 ;20 ;208.8;
149 ;0:50.60 ;5707 ;14 ;0.726 ;4.0 ;0.0 ;0.900 ;0 ;4.34 ;49.3 ;0 ;0 ;20 ;251.3;
149 ;0:50.70 ;5607 ;14 ;0.749 ;3.3 ;0.0 ;0.900 ;0 ;4.36 ;47.8 ;0 ;0 ;20 ;278.7;
149 ;0:50.80 ;5562 ;14 ;0.756 ;2.7 ;0.0 ;0.900 ;0 ;4.37 ;47.2 ;0 ;0 ;20 ;348.1;
149 ;0:50.90 ;5922 ;14 ;0.758 ;2.2 ;0.0 ;0.900 ;0 ;4.28 ;52.3 ;0 ;0 ;21 ;436.3;
149 ;0:51.00 ;5787 ;13 ;0.748 ;1.5 ;0.0 ;0.900 ;0 ;4.09 ;53.0 ;0 ;0 ;19 ;0.0;
149 ;0:51.10 ;5219 ;13 ;0.738 ;0.6 ;0.0 ;0.900 ;0 ;4.23 ;43.4 ;0 ;0 ;18 ;0.0;
149 ;0:51.20 ;4740 ;12 ;0.742 ;0.6 ;0.0 ;0.900 ;0 ;4.25 ;36.1 ;0 ;0 ;16 ;0.0;
149 ;0:51.30 ;4321 ;11 ;0.774 ;0.0 ;0.0 ;0.900 ;0 ;4.23 ;31.1 ;0 ;0 ;15 ;0.0;
149 ;0:51.40 ;4302 ;9 ;0.861 ;0.0 ;0.0 ;0.900 ;0 ;4.23 ;28.9 ;0 ;0 ;15 ;0.0;
149 ;0:51.50 ;4533 ;9 ;0.916 ;0.0 ;0.0 ;0.900 ;0 ;4.23 ;31.2 ;0 ;0 ;16 ;0.0;
149 ;0:51.60 ;4996 ;8 ;0.804 ;0.0 ;0.0 ;0.900 ;0 ;4.23 ;34.9 ;0 ;0 ;18 ;0.0;
149 ;0:51.70 ;5647 ;8 ;0.800 ;0.0 ;0.0 ;0.900 ;0 ;3.85 ;44.7 ;0 ;0 ;18 ;0.0;
149 ;0:51.80 ;6298 ;8 ;0.823 ;0.0 ;0.0 ;0.900 ;0 ;3.49 ;51.7 ;0 ;0 ;18 ;0.0;
149 ;0:51.90 ;6125 ;7 ;0.865 ;0.0 ;0.0 ;0.900 ;0 ;3.60 ;46.7 ;0 ;0 ;18 ;0.0;
149 ;0:52.00 ;5135 ;7 ;0.859 ;0.0 ;0.0 ;0.900 ;0 ;4.02 ;35.4 ;0 ;0 ;17 ;0.0;
149 ;0:52.10 ;3948 ;6 ;0.839 ;0.0 ;0.0 ;0.900 ;0 ;3.94 ;23.1 ;0 ;0 ;12 ;0.0;
149 ;0:52.20 ;3018 ;6 ;0.878 ;0.0 ;0.0 ;0.900 ;0 ;3.94 ;18.0 ;0 ;0 ;9 ;0.0;
149 ;0:52.30 ;2399 ;6 ;0.897 ;0.0 ;0.0 ;0.900 ;0 ;3.94 ;16.0 ;0 ;0 ;9 ;0.0;
149 ;0:52.40 ;2024 ;5 ;0.503 ;0.0 ;0.0 ;0.900 ;0 ;3.80 ;14.0 ;0 ;0 ;9 ;0.0;
149 ;0:52.50 ;1722 ;3 ;0.503 ;0.0 ;0.0 ;0.900 ;0 ;3.93 ;9.9 ;0 ;0 ;9 ;0.0;
149 ;0:52.60 ;1735 ;1 ;0.507 ;0.0 ;0.0 ;0.900 ;0 ;3.44 ;6.9 ;0 ;0 ;8 ;0.0;
149 ;0:52.70 ;1615 ;0 ;0.504 ;0.0 ;0.0 ;0.900 ;0 ;3.26 ;5.2 ;0 ;0 ;8 ;0.0;
149 ;0:52.80 ;1648 ;0 ;0.503 ;0.0 ;0.0 ;0.900 ;0 ;3.25 ;5.2 ;0 ;0 ;8 ;0.0;
149 ;0:52.90 ;1546 ;0 ;0.500 ;0.0 ;0.0 ;0.900 ;0 ;3.29 ;5.0 ;0 ;0 ;8 ;0.0;
149 ;0:53.00 ;1579 ;0 ;0.503 ;0.0 ;0.0 ;0.900 ;0 ;3.27 ;5.1 ;0 ;0 ;8 ;0.0;
149 ;0:53.10 ;1689 ;0 ;0.500 ;0.0 ;0.0 ;0.900 ;0 ;3.23 ;5.3 ;0 ;0 ;8 ;0.0;
149 ;0:53.20 ;1616 ;0 ;0.501 ;0.0 ;0.0 ;0.900 ;0 ;3.26 ;5.2 ;0 ;0 ;8 ;0.0;
149 ;0:53.30 ;1722 ;0 ;0.505 ;0.0 ;0.0 ;0.900 ;0 ;3.22 ;5.4 ;0 ;0 ;8 ;0.0;
149 ;0:53.40 ;1670 ;0 ;0.506 ;0.0 ;0.0 ;0.900 ;0 ;3.24 ;5.3 ;0 ;0 ;8 ;0.0;
149 ;0:53.50 ;1802 ;0 ;0.505 ;0.0 ;0.0 ;0.900 ;0 ;3.18 ;5.6 ;0 ;0 ;7 ;0.0;
149 ;0:53.60 ;1726 ;0 ;0.506 ;0.0 ;0.0 ;0.900 ;0 ;3.21 ;5.4 ;0 ;0 ;8 ;0.0;
149 ;0:53.70 ;1717 ;0 ;0.502 ;0.0 ;0.0 ;0.900 ;0 ;3.22 ;5.4 ;0 ;0 ;8 ;0.0;
149 ;0:53.80 ;1453 ;0 ;0.507 ;0.0 ;0.0 ;0.900 ;0 ;3.30 ;5.0 ;0 ;0 ;8 ;0.0;
149 ;0:53.90 ;1381 ;0 ;0.506 ;0.0 ;0.0 ;0.900 ;0 ;3.30 ;5.0 ;0 ;0 ;8 ;0.0;
149 ;0:54.00 ;1428 ;0 ;0.506 ;0.0 ;0.0 ;0.900 ;0 ;3.30 ;5.0 ;0 ;0 ;8 ;0.0;
149 ;0:54.10 ;1608 ;0 ;0.506 ;0.0 ;0.0 ;0.900 ;0 ;3.26 ;5.2 ;0 ;0 ;8 ;0.0;
149 ;0:54.20 ;1543 ;0 ;0.505 ;0.0 ;0.0 ;0.900 ;0 ;3.29 ;5.0 ;0 ;0 ;8 ;0.0;
149 ;0:54.30 ;1372 ;0 ;0.506 ;0.0 ;0.0 ;0.900 ;0 ;3.30 ;5.0 ;0 ;0 ;8 ;0.0;
149 ;0:54.40 ;1310 ;0 ;0.504 ;0.0 ;0.0 ;0.900 ;0 ;3.30 ;5.0 ;0 ;0 ;8 ;0.0;
149 ;0:54.50 ;1420 ;0 ;0.500 ;0.0 ;0.0 ;0.900 ;0 ;3.30 ;5.0 ;0 ;0 ;8 ;0.0;
149 ;0:54.60 ;1451 ;0 ;0.505 ;0.0 ;0.0 ;0.900 ;0 ;3.30 ;5.0 ;0 ;0 ;8 ;0.0;
149 ;0:54.70 ;1210 ;0 ;0.503 ;0.0 ;0.0 ;0.900 ;0 ;3.30 ;5.0 ;0 ;0 ;8 ;0.0;
149 ;0:54.80 ;1278 ;0 ;0.502 ;0.0 ;0.0 ;0.900 ;0 ;3.30 ;5.0 ;0 ;0 ;8 ;0.0;
149 ;0:54.90 ;1507 ;0 ;0.503 ;0.0 ;0.0 ;0.900 ;0 ;3.30 ;5.0 ;0 ;0 ;8 ;0.0;
149 ;0:55.00 ;1494 ;0 ;0.506 ;0.0 ;0.0 ;0.900 ;0 ;3.30 ;5.0 ;0 ;0 ;8 ;0.0;
149 ;0:55.10 ;1465 ;0 ;0.500 ;0.0 ;0.0 ;0.900 ;0 ;3.30 ;5.0 ;0 ;0 ;8 ;0.0;
149 ;0:55.20 ;1459 ;0 ;0.507 ;0.0 ;0.0 ;0.900 ;0 ;3.30 ;5.0 ;0 ;0 ;8 ;0.0;
149 ;0:55.30 ;1427 ;0 ;0.506 ;0.0 ;0.0 ;0.900 ;0 ;3.30 ;5.0 ;0 ;0 ;8 ;0.0;
149 ;0:55.40 ;1550 ;0 ;0.505 ;0.0 ;0.0 ;0.900 ;0 ;3.28 ;5.1 ;0 ;0 ;8 ;0.0;
149 ;0:55.50 ;0 ;0 ;0.502 ;0.0 ;0.0 ;0.900 ;0 ;0.00 ;0.0 ;0 ;0 ;0 ;0.0;
149 ;0:55.60 ;0 ;0 ;0.503 ;0.0 ;0.0 ;0.900 ;0 ;0.00 ;0.0 ;0 ;0 ;0 ;0.0;
149 ;0:55.70 ;0 ;0 ;0.503 ;0.0 ;0.0 ;0.900 ;0 ;0.00 ;0.0 ;0 ;0 ;0 ;0.0;
