$ 1 0.000005 382.76258214399064 99 5 43
165 224 64 384 64 6 0
c 624 32 624 80 0 0.00015 4.300141352602773
c 176 192 176 272 0 0.0000022 0.054298642533936715
r 576 32 576 80 0 18000
r 176 32 176 96 0 2200
c 288 224 288 272 0 1e-8 7.999999999999998
R 288 32 288 0 0 0 40 12 0 0 0.5
g 304 272 304 288 0
w 288 272 304 272 0
w 320 224 320 272 0
w 304 272 320 272 0
w 576 80 624 80 0
g 624 80 624 96 0
w 624 32 576 32 0
w 176 32 288 32 0
w 288 32 352 32 0
w 352 96 352 32 0
w 176 96 224 96 0
w 176 96 176 192 0
w 176 192 224 192 0
w 176 272 288 272 0
w 352 128 352 176 0
I 368 176 512 176 0 0.5 12
w 624 32 624 -32 0
w 624 -32 864 -32 0
w 864 -32 864 320 0
w 864 320 128 320 0
w 128 320 128 160 0
w 128 160 224 160 0
178 800 112 800 64 0 1 0.2 0.20250003449999304 0.05 1000000 0.02 20
R 784 160 784 208 0 0 40 12 0 0 0.5
g 752 224 752 240 0
w 752 192 752 224 0
w 352 176 368 176 0
d 752 160 784 160 2 default
w 752 112 752 160 0
w 768 112 784 112 0
w 784 112 784 160 0
f 704 176 752 176 32 1.5 0.02
s 96 -96 224 -96 0 0 false
r 704 176 704 224 0 10000
w 704 224 752 224 0
r 704 176 640 176 0 10000
p 512 32 512 -80 1 0
R 816 64 816 0 0 0 40 0 0 0 0.5
R 784 64 784 0 0 0 40 12 0 0 0.5
p 624 32 704 32 1 0
g 96 -96 64 -96 0
R 384 -112 336 -112 0 0 40 12 0 0 0.5
w 400 -32 400 -64 0
w 224 -96 224 -64 0
r 512 32 512 176 0 100
p 800 112 800 160 1 0
w 512 176 640 176 0
r 512 32 576 32 0 12000
t 400 -32 400 0 0 1 1.0600942346172815e-10 0.06363519532470718 100
w 448 32 512 32 0
w 368 32 352 32 0
r 224 -96 272 -96 0 1000
w 272 -96 384 -96 0
r 368 32 368 80 0 100
w 384 0 384 32 0
w 384 32 448 32 0
w 368 80 416 80 0
w 416 0 416 80 0
I 224 -64 288 -64 0 0.5 12
r 288 -64 400 -64 0 100
178 384 -144 416 -144 0 1 0.2 0.011764705882352915 0.05 1000000 0.02 20
o 43 64 0 4098 20 0.1 0 1
o 52 1024 0 4098 20 0.1 1 1
